810 6
    5894    1  -1  -0.10000E+01  0.00000E+00  0.00000E+00
    5900    2  -1  -0.10000E+01  0.00000E+00  0.25000E+00
    5906    3  -1  -0.10000E+01  0.00000E+00  0.40000E+00
    5912    4  -1  -0.10000E+01  0.00000E+00  0.45000E+00
    5914    5  -1  -0.10000E+01  0.00000E+00  0.48000E+00
    5916    6  -1  -0.10000E+01  0.00000E+00  0.50000E+00
    6454    1  -1  -0.84000E+00  0.00000E+00  0.00000E+00
    6458    2  -1  -0.84000E+00  0.00000E+00  0.25000E+00
    6471    3  -1  -0.84000E+00  0.00000E+00  0.40000E+00
    6472    4  -1  -0.84000E+00  0.00000E+00  0.45000E+00
    6473    5  -1  -0.84000E+00  0.00000E+00  0.48000E+00
    6474    6  -1  -0.84000E+00  0.00000E+00  0.50000E+00
    6453    1  -1  -0.68000E+00  0.00000E+00  0.00000E+00
    6457    2  -1  -0.68000E+00  0.00000E+00  0.25000E+00
    6461    3  -1  -0.68000E+00  0.00000E+00  0.40000E+00
    6468    4  -1  -0.68000E+00  0.00000E+00  0.45000E+00
    6469    5  -1  -0.68000E+00  0.00000E+00  0.48000E+00
    6470    6  -1  -0.68000E+00  0.00000E+00  0.50000E+00
    6452    1  -1  -0.64000E+00  0.00000E+00  0.00000E+00
    6456    2  -1  -0.64000E+00  0.00000E+00  0.25000E+00
    6460    3  -1  -0.64000E+00  0.00000E+00  0.40000E+00
    6463    4  -1  -0.64000E+00  0.00000E+00  0.45000E+00
    6465    5  -1  -0.64000E+00  0.00000E+00  0.48000E+00
    6467    6  -1  -0.64000E+00  0.00000E+00  0.50000E+00
    6376    1  -1  -0.60000E+00  0.00000E+00  0.00000E+00
    6385    2  -1  -0.60000E+00  0.00000E+00  0.25000E+00
    6394    3  -1  -0.60000E+00  0.00000E+00  0.40000E+00
    6403    4  -1  -0.60000E+00  0.00000E+00  0.45000E+00
    6408    5  -1  -0.60000E+00  0.00000E+00  0.48000E+00
    6411    6  -1  -0.60000E+00  0.00000E+00  0.50000E+00
    6375    1  -1  -0.56000E+00  0.00000E+00  0.00000E+00
    6384    2  -1  -0.56000E+00  0.00000E+00  0.25000E+00
    6393    3  -1  -0.56000E+00  0.00000E+00  0.40000E+00
    6401    4  -1  -0.56000E+00  0.00000E+00  0.45000E+00
    6406    5  -1  -0.56000E+00  0.00000E+00  0.48000E+00
    6409    6  -1  -0.56000E+00  0.00000E+00  0.50000E+00
    5828    1  -1  -0.52000E+00  0.00000E+00  0.00000E+00
    5835    2  -1  -0.52000E+00  0.00000E+00  0.25000E+00
    5842    3  -1  -0.52000E+00  0.00000E+00  0.40000E+00
    5846    4  -1  -0.52000E+00  0.00000E+00  0.45000E+00
    5847    5  -1  -0.52000E+00  0.00000E+00  0.48000E+00
    5848    6  -1  -0.52000E+00  0.00000E+00  0.50000E+00
    5827    1  -1  -0.50000E+00  0.00000E+00  0.00000E+00
    5834    2  -1  -0.50000E+00  0.00000E+00  0.25000E+00
    5841    3  -1  -0.50000E+00  0.00000E+00  0.40000E+00
    5843    4  -1  -0.50000E+00  0.00000E+00  0.45000E+00
    5844    5  -1  -0.50000E+00  0.00000E+00  0.48000E+00
    5845    6  -1  -0.50000E+00  0.00000E+00  0.50000E+00
    5251    1  -1  -0.48000E+00  0.00000E+00  0.00000E+00
    5255    2  -1  -0.48000E+00  0.00000E+00  0.25000E+00
    5256    3  -1  -0.48000E+00  0.00000E+00  0.40000E+00
    5257    4  -1  -0.48000E+00  0.00000E+00  0.45000E+00
    5258    5  -1  -0.48000E+00  0.00000E+00  0.48000E+00
    5259    6  -1  -0.48000E+00  0.00000E+00  0.50000E+00
    4663    1  -1  -0.47000E+00  0.00000E+00  0.00000E+00
    4664    2  -1  -0.47000E+00  0.00000E+00  0.25000E+00
    4665    3  -1  -0.47000E+00  0.00000E+00  0.40000E+00
    4666    4  -1  -0.47000E+00  0.00000E+00  0.45000E+00
    4667    5  -1  -0.47000E+00  0.00000E+00  0.48000E+00
    4668    6  -1  -0.47000E+00  0.00000E+00  0.50000E+00
    4657    1  -1  -0.46000E+00  0.00000E+00  0.00000E+00
    4658    2  -1  -0.46000E+00  0.00000E+00  0.25000E+00
    4659    3  -1  -0.46000E+00  0.00000E+00  0.40000E+00
    4660    4  -1  -0.46000E+00  0.00000E+00  0.45000E+00
    4661    5  -1  -0.46000E+00  0.00000E+00  0.48000E+00
    4662    6  -1  -0.46000E+00  0.00000E+00  0.50000E+00
    5233    1  -1  -0.45000E+00  0.00000E+00  0.00000E+00
    5234    2  -1  -0.45000E+00  0.00000E+00  0.25000E+00
    5235    3  -1  -0.45000E+00  0.00000E+00  0.40000E+00
    5236    4  -1  -0.45000E+00  0.00000E+00  0.45000E+00
    5237    5  -1  -0.45000E+00  0.00000E+00  0.48000E+00
    5238    6  -1  -0.45000E+00  0.00000E+00  0.50000E+00
    5239    1  -1  -0.44000E+00  0.00000E+00  0.00000E+00
    5240    2  -1  -0.44000E+00  0.00000E+00  0.25000E+00
    5241    3  -1  -0.44000E+00  0.00000E+00  0.40000E+00
    5242    4  -1  -0.44000E+00  0.00000E+00  0.45000E+00
    5243    5  -1  -0.44000E+00  0.00000E+00  0.48000E+00
    5244    6  -1  -0.44000E+00  0.00000E+00  0.50000E+00
    5797    1  -1  -0.43000E+00  0.00000E+00  0.00000E+00
    5798    2  -1  -0.43000E+00  0.00000E+00  0.25000E+00
    5799    3  -1  -0.43000E+00  0.00000E+00  0.40000E+00
    5800    4  -1  -0.43000E+00  0.00000E+00  0.45000E+00
    5801    5  -1  -0.43000E+00  0.00000E+00  0.48000E+00
    5802    6  -1  -0.43000E+00  0.00000E+00  0.50000E+00
    6325    1   0  -0.42000E+00  0.00000E+00  0.00000E+00
    6326    2   0  -0.42000E+00  0.00000E+00  0.25000E+00
    6327    3   0  -0.42000E+00  0.00000E+00  0.40000E+00
    6328    4   0  -0.42000E+00  0.00000E+00  0.45000E+00
    6329    5   0  -0.42000E+00  0.00000E+00  0.48000E+00
    6330    6   0  -0.42000E+00  0.00000E+00  0.50000E+00
    6848    1   1  -0.41000E+00  0.00000E+00  0.00000E+00
    6850    2   1  -0.41000E+00  0.00000E+00  0.25000E+00
    6852    3   1  -0.41000E+00  0.00000E+00  0.40000E+00
    6854    4   1  -0.41000E+00  0.00000E+00  0.45000E+00
    6857    5   1  -0.41000E+00  0.00000E+00  0.48000E+00
    6858    6   1  -0.41000E+00  0.00000E+00  0.50000E+00
    7341    1   1  -0.40000E+00  0.00000E+00  0.00000E+00
    7344    2   1  -0.40000E+00  0.00000E+00  0.25000E+00
    7347    3   1  -0.40000E+00  0.00000E+00  0.40000E+00
    7352    4   1  -0.40000E+00  0.00000E+00  0.45000E+00
    7355    5   1  -0.40000E+00  0.00000E+00  0.48000E+00
    7356    6   1  -0.40000E+00  0.00000E+00  0.50000E+00
    7768    1   1  -0.39000E+00  0.00000E+00  0.00000E+00
    7772    2   1  -0.39000E+00  0.00000E+00  0.25000E+00
    7779    3   1  -0.39000E+00  0.00000E+00  0.40000E+00
    7784    4   1  -0.39000E+00  0.00000E+00  0.45000E+00
    7787    5   1  -0.39000E+00  0.00000E+00  0.48000E+00
    7788    6   1  -0.39000E+00  0.00000E+00  0.50000E+00
    8153    1   1  -0.38000E+00  0.00000E+00  0.00000E+00
    8162    2   1  -0.38000E+00  0.00000E+00  0.25000E+00
    8169    3   1  -0.38000E+00  0.00000E+00  0.40000E+00
    8174    4   1  -0.38000E+00  0.00000E+00  0.45000E+00
    8177    5   1  -0.38000E+00  0.00000E+00  0.48000E+00
    8178    6   1  -0.38000E+00  0.00000E+00  0.50000E+00
    8471    1   1  -0.37000E+00  0.00000E+00  0.00000E+00
    8480    2   1  -0.37000E+00  0.00000E+00  0.25000E+00
    8487    3   1  -0.37000E+00  0.00000E+00  0.40000E+00
    8492    4   1  -0.37000E+00  0.00000E+00  0.45000E+00
    8495    5   1  -0.37000E+00  0.00000E+00  0.48000E+00
    8496    6   1  -0.37000E+00  0.00000E+00  0.50000E+00
    8771    1   1  -0.36000E+00  0.00000E+00  0.00000E+00
    8780    2   1  -0.36000E+00  0.00000E+00  0.25000E+00
    8787    3   1  -0.36000E+00  0.00000E+00  0.40000E+00
    8792    4   1  -0.36000E+00  0.00000E+00  0.45000E+00
    8795    5   1  -0.36000E+00  0.00000E+00  0.48000E+00
    8796    6   1  -0.36000E+00  0.00000E+00  0.50000E+00
    9029    1   1  -0.35000E+00  0.00000E+00  0.00000E+00
    9038    2   1  -0.35000E+00  0.00000E+00  0.25000E+00
    9045    3   1  -0.35000E+00  0.00000E+00  0.40000E+00
    9050    4   1  -0.35000E+00  0.00000E+00  0.45000E+00
    9053    5   1  -0.35000E+00  0.00000E+00  0.48000E+00
    9054    6   1  -0.35000E+00  0.00000E+00  0.50000E+00
    9269    1   1  -0.34000E+00  0.00000E+00  0.00000E+00
    9278    2   1  -0.34000E+00  0.00000E+00  0.25000E+00
    9285    3   1  -0.34000E+00  0.00000E+00  0.40000E+00
    9290    4   1  -0.34000E+00  0.00000E+00  0.45000E+00
    9293    5   1  -0.34000E+00  0.00000E+00  0.48000E+00
    9294    6   1  -0.34000E+00  0.00000E+00  0.50000E+00
    9497    1   1  -0.33000E+00  0.00000E+00  0.00000E+00
    9506    2   1  -0.33000E+00  0.00000E+00  0.25000E+00
    9513    3   1  -0.33000E+00  0.00000E+00  0.40000E+00
    9518    4   1  -0.33000E+00  0.00000E+00  0.45000E+00
    9521    5   1  -0.33000E+00  0.00000E+00  0.48000E+00
    9522    6   1  -0.33000E+00  0.00000E+00  0.50000E+00
    9725    1   1  -0.32000E+00  0.00000E+00  0.00000E+00
    9734    2   1  -0.32000E+00  0.00000E+00  0.25000E+00
    9741    3   1  -0.32000E+00  0.00000E+00  0.40000E+00
    9746    4   1  -0.32000E+00  0.00000E+00  0.45000E+00
    9749    5   1  -0.32000E+00  0.00000E+00  0.48000E+00
    9750    6   1  -0.32000E+00  0.00000E+00  0.50000E+00
    9929    1   1  -0.31000E+00  0.00000E+00  0.00000E+00
    9938    2   1  -0.31000E+00  0.00000E+00  0.25000E+00
    9945    3   1  -0.31000E+00  0.00000E+00  0.40000E+00
    9950    4   1  -0.31000E+00  0.00000E+00  0.45000E+00
    9953    5   1  -0.31000E+00  0.00000E+00  0.48000E+00
    9954    6   1  -0.31000E+00  0.00000E+00  0.50000E+00
   10109    1   1  -0.30000E+00  0.00000E+00  0.00000E+00
   10118    2   1  -0.30000E+00  0.00000E+00  0.25000E+00
   10125    3   1  -0.30000E+00  0.00000E+00  0.40000E+00
   10130    4   1  -0.30000E+00  0.00000E+00  0.45000E+00
   10133    5   1  -0.30000E+00  0.00000E+00  0.48000E+00
   10134    6   1  -0.30000E+00  0.00000E+00  0.50000E+00
   10265    1   1  -0.29000E+00  0.00000E+00  0.00000E+00
   10274    2   1  -0.29000E+00  0.00000E+00  0.25000E+00
   10281    3   1  -0.29000E+00  0.00000E+00  0.40000E+00
   10286    4   1  -0.29000E+00  0.00000E+00  0.45000E+00
   10289    5   1  -0.29000E+00  0.00000E+00  0.48000E+00
   10290    6   1  -0.29000E+00  0.00000E+00  0.50000E+00
   10397    1   1  -0.28000E+00  0.00000E+00  0.00000E+00
   10411    2   1  -0.28000E+00  0.00000E+00  0.25000E+00
   10418    3   1  -0.28000E+00  0.00000E+00  0.40000E+00
   10423    4   1  -0.28000E+00  0.00000E+00  0.45000E+00
   10426    5   1  -0.28000E+00  0.00000E+00  0.48000E+00
   10427    6   1  -0.28000E+00  0.00000E+00  0.50000E+00
   10514    1   1  -0.27000E+00  0.00000E+00  0.00000E+00
   10512    2   1  -0.27000E+00  0.00000E+00  0.25000E+00
   10557    3   1  -0.27000E+00  0.00000E+00  0.40000E+00
   10562    4   1  -0.27000E+00  0.00000E+00  0.45000E+00
   10565    5   1  -0.27000E+00  0.00000E+00  0.48000E+00
   10566    6   1  -0.27000E+00  0.00000E+00  0.50000E+00
   10518    1   1  -0.26000E+00  0.00000E+00  0.00000E+00
   10623    2   1  -0.26000E+00  0.00000E+00  0.25000E+00
   10622    3   1  -0.26000E+00  0.00000E+00  0.40000E+00
   10649    4   1  -0.26000E+00  0.00000E+00  0.45000E+00
   10652    5   1  -0.26000E+00  0.00000E+00  0.48000E+00
   10653    6   1  -0.26000E+00  0.00000E+00  0.50000E+00
   10529    1   1  -0.25000E+00  0.00000E+00  0.00000E+00
   10626    2   1  -0.25000E+00  0.00000E+00  0.25000E+00
   10686    3   1  -0.25000E+00  0.00000E+00  0.40000E+00
   10685    4   1  -0.25000E+00  0.00000E+00  0.45000E+00
   10699    5   1  -0.25000E+00  0.00000E+00  0.48000E+00
   10700    6   1  -0.25000E+00  0.00000E+00  0.50000E+00
   10542    1   1  -0.24000E+00  0.00000E+00  0.00000E+00
   10634    2   1  -0.24000E+00  0.00000E+00  0.25000E+00
   10688    3   1  -0.24000E+00  0.00000E+00  0.40000E+00
   10715    4   1  -0.24000E+00  0.00000E+00  0.45000E+00
   10714    5   1  -0.24000E+00  0.00000E+00  0.48000E+00
   10719    6   1  -0.24000E+00  0.00000E+00  0.50000E+00
   10548    1   1  -0.23000E+00  0.00000E+00  0.00000E+00
   10642    2   1  -0.23000E+00  0.00000E+00  0.25000E+00
   10693    3   1  -0.23000E+00  0.00000E+00  0.40000E+00
   10717    4   1  -0.23000E+00  0.00000E+00  0.45000E+00
   10722    5   1  -0.23000E+00  0.00000E+00  0.48000E+00
   10721    6   1  -0.23000E+00  0.00000E+00  0.50000E+00
   10550    1   1  -0.22000E+00  0.00000E+00  0.00000E+00
   10644    2   1  -0.22000E+00  0.00000E+00  0.25000E+00
   10696    3   1  -0.22000E+00  0.00000E+00  0.40000E+00
   10718    4   1  -0.22000E+00  0.00000E+00  0.45000E+00
   10716    5   1  -0.22000E+00  0.00000E+00  0.48000E+00
   10720    6   1  -0.22000E+00  0.00000E+00  0.50000E+00
   10549    1   1  -0.21000E+00  0.00000E+00  0.00000E+00
   10643    2   1  -0.21000E+00  0.00000E+00  0.25000E+00
   10695    3   1  -0.21000E+00  0.00000E+00  0.40000E+00
   10694    4   1  -0.21000E+00  0.00000E+00  0.45000E+00
   10703    5   1  -0.21000E+00  0.00000E+00  0.48000E+00
   10704    6   1  -0.21000E+00  0.00000E+00  0.50000E+00
   10544    1   1  -0.20000E+00  0.00000E+00  0.00000E+00
   10638    2   1  -0.20000E+00  0.00000E+00  0.25000E+00
   10637    3   1  -0.20000E+00  0.00000E+00  0.40000E+00
   10658    4   1  -0.20000E+00  0.00000E+00  0.45000E+00
   10661    5   1  -0.20000E+00  0.00000E+00  0.48000E+00
   10662    6   1  -0.20000E+00  0.00000E+00  0.50000E+00
   10535    1   1  -0.19000E+00  0.00000E+00  0.00000E+00
   10533    2   1  -0.19000E+00  0.00000E+00  0.25000E+00
   10573    3   1  -0.19000E+00  0.00000E+00  0.40000E+00
   10578    4   1  -0.19000E+00  0.00000E+00  0.45000E+00
   10581    5   1  -0.19000E+00  0.00000E+00  0.48000E+00
   10582    6   1  -0.19000E+00  0.00000E+00  0.50000E+00
   10402    1   1  -0.18000E+00  0.00000E+00  0.00000E+00
   10436    2   1  -0.18000E+00  0.00000E+00  0.25000E+00
   10443    3   1  -0.18000E+00  0.00000E+00  0.40000E+00
   10448    4   1  -0.18000E+00  0.00000E+00  0.45000E+00
   10451    5   1  -0.18000E+00  0.00000E+00  0.48000E+00
   10452    6   1  -0.18000E+00  0.00000E+00  0.50000E+00
   10301    1   1  -0.17000E+00  0.00000E+00  0.00000E+00
   10310    2   1  -0.17000E+00  0.00000E+00  0.25000E+00
   10317    3   1  -0.17000E+00  0.00000E+00  0.40000E+00
   10322    4   1  -0.17000E+00  0.00000E+00  0.45000E+00
   10325    5   1  -0.17000E+00  0.00000E+00  0.48000E+00
   10326    6   1  -0.17000E+00  0.00000E+00  0.50000E+00
   10151    1   1  -0.16000E+00  0.00000E+00  0.00000E+00
   10160    2   1  -0.16000E+00  0.00000E+00  0.25000E+00
   10167    3   1  -0.16000E+00  0.00000E+00  0.40000E+00
   10172    4   1  -0.16000E+00  0.00000E+00  0.45000E+00
   10175    5   1  -0.16000E+00  0.00000E+00  0.48000E+00
   10176    6   1  -0.16000E+00  0.00000E+00  0.50000E+00
    9977    1   1  -0.15000E+00  0.00000E+00  0.00000E+00
    9986    2   1  -0.15000E+00  0.00000E+00  0.25000E+00
    9993    3   1  -0.15000E+00  0.00000E+00  0.40000E+00
    9998    4   1  -0.15000E+00  0.00000E+00  0.45000E+00
   10001    5   1  -0.15000E+00  0.00000E+00  0.48000E+00
   10002    6   1  -0.15000E+00  0.00000E+00  0.50000E+00
    9779    1   1  -0.14000E+00  0.00000E+00  0.00000E+00
    9788    2   1  -0.14000E+00  0.00000E+00  0.25000E+00
    9795    3   1  -0.14000E+00  0.00000E+00  0.40000E+00
    9800    4   1  -0.14000E+00  0.00000E+00  0.45000E+00
    9803    5   1  -0.14000E+00  0.00000E+00  0.48000E+00
    9804    6   1  -0.14000E+00  0.00000E+00  0.50000E+00
    9557    1   1  -0.13000E+00  0.00000E+00  0.00000E+00
    9566    2   1  -0.13000E+00  0.00000E+00  0.25000E+00
    9573    3   1  -0.13000E+00  0.00000E+00  0.40000E+00
    9578    4   1  -0.13000E+00  0.00000E+00  0.45000E+00
    9581    5   1  -0.13000E+00  0.00000E+00  0.48000E+00
    9582    6   1  -0.13000E+00  0.00000E+00  0.50000E+00
    9323    1   1  -0.12000E+00  0.00000E+00  0.00000E+00
    9332    2   1  -0.12000E+00  0.00000E+00  0.25000E+00
    9339    3   1  -0.12000E+00  0.00000E+00  0.40000E+00
    9344    4   1  -0.12000E+00  0.00000E+00  0.45000E+00
    9347    5   1  -0.12000E+00  0.00000E+00  0.48000E+00
    9348    6   1  -0.12000E+00  0.00000E+00  0.50000E+00
    9077    1   1  -0.11000E+00  0.00000E+00  0.00000E+00
    9086    2   1  -0.11000E+00  0.00000E+00  0.25000E+00
    9093    3   1  -0.11000E+00  0.00000E+00  0.40000E+00
    9098    4   1  -0.11000E+00  0.00000E+00  0.45000E+00
    9101    5   1  -0.11000E+00  0.00000E+00  0.48000E+00
    9102    6   1  -0.11000E+00  0.00000E+00  0.50000E+00
    8813    1   1  -0.10000E+00  0.00000E+00  0.00000E+00
    8822    2   1  -0.10000E+00  0.00000E+00  0.25000E+00
    8829    3   1  -0.10000E+00  0.00000E+00  0.40000E+00
    8834    4   1  -0.10000E+00  0.00000E+00  0.45000E+00
    8837    5   1  -0.10000E+00  0.00000E+00  0.48000E+00
    8838    6   1  -0.10000E+00  0.00000E+00  0.50000E+00
    8507    1   1  -0.90000E-01  0.00000E+00  0.00000E+00
    8516    2   1  -0.90000E-01  0.00000E+00  0.25000E+00
    8523    3   1  -0.90000E-01  0.00000E+00  0.40000E+00
    8528    4   1  -0.90000E-01  0.00000E+00  0.45000E+00
    8531    5   1  -0.90000E-01  0.00000E+00  0.48000E+00
    8532    6   1  -0.90000E-01  0.00000E+00  0.50000E+00
    8183    1   1  -0.80000E-01  0.00000E+00  0.00000E+00
    8192    2   1  -0.80000E-01  0.00000E+00  0.25000E+00
    8199    3   1  -0.80000E-01  0.00000E+00  0.40000E+00
    8204    4   1  -0.80000E-01  0.00000E+00  0.45000E+00
    8207    5   1  -0.80000E-01  0.00000E+00  0.48000E+00
    8208    6   1  -0.80000E-01  0.00000E+00  0.50000E+00
    7792    1   1  -0.70000E-01  0.00000E+00  0.00000E+00
    7796    2   1  -0.70000E-01  0.00000E+00  0.25000E+00
    7803    3   1  -0.70000E-01  0.00000E+00  0.40000E+00
    7808    4   1  -0.70000E-01  0.00000E+00  0.45000E+00
    7811    5   1  -0.70000E-01  0.00000E+00  0.48000E+00
    7812    6   1  -0.70000E-01  0.00000E+00  0.50000E+00
    7359    1   1  -0.60000E-01  0.00000E+00  0.00000E+00
    7362    2   1  -0.60000E-01  0.00000E+00  0.25000E+00
    7365    3   1  -0.60000E-01  0.00000E+00  0.40000E+00
    7370    4   1  -0.60000E-01  0.00000E+00  0.45000E+00
    7373    5   1  -0.60000E-01  0.00000E+00  0.48000E+00
    7374    6   1  -0.60000E-01  0.00000E+00  0.50000E+00
    6860    1   1  -0.50000E-01  0.00000E+00  0.00000E+00
    6862    2   1  -0.50000E-01  0.00000E+00  0.25000E+00
    6864    3   1  -0.50000E-01  0.00000E+00  0.40000E+00
    6866    4   1  -0.50000E-01  0.00000E+00  0.45000E+00
    6869    5   1  -0.50000E-01  0.00000E+00  0.48000E+00
    6870    6   1  -0.50000E-01  0.00000E+00  0.50000E+00
    6331    1   1  -0.40000E-01  0.00000E+00  0.00000E+00
    6332    2   1  -0.40000E-01  0.00000E+00  0.25000E+00
    6333    3   1  -0.40000E-01  0.00000E+00  0.40000E+00
    6334    4   1  -0.40000E-01  0.00000E+00  0.45000E+00
    6335    5   1  -0.40000E-01  0.00000E+00  0.48000E+00
    6336    6   1  -0.40000E-01  0.00000E+00  0.50000E+00
    6013    1   1  -0.30000E-01  0.00000E+00  0.00000E+00
    6014    2   1  -0.30000E-01  0.00000E+00  0.25000E+00
    6015    3   1  -0.30000E-01  0.00000E+00  0.40000E+00
    6016    4   1  -0.30000E-01  0.00000E+00  0.45000E+00
    6017    5   1  -0.30000E-01  0.00000E+00  0.48000E+00
    6018    6   1  -0.30000E-01  0.00000E+00  0.50000E+00
    5791    1   1  -0.20000E-01  0.00000E+00  0.00000E+00
    5792    2   1  -0.20000E-01  0.00000E+00  0.25000E+00
    5793    3   1  -0.20000E-01  0.00000E+00  0.40000E+00
    5794    4   1  -0.20000E-01  0.00000E+00  0.45000E+00
    5795    5   1  -0.20000E-01  0.00000E+00  0.48000E+00
    5796    6   1  -0.20000E-01  0.00000E+00  0.50000E+00
    5407    1   1  -0.10000E-01  0.00000E+00  0.00000E+00
    5408    2   1  -0.10000E-01  0.00000E+00  0.25000E+00
    5409    3   1  -0.10000E-01  0.00000E+00  0.40000E+00
    5410    4   1  -0.10000E-01  0.00000E+00  0.45000E+00
    5411    5   1  -0.10000E-01  0.00000E+00  0.48000E+00
    5412    6   1  -0.10000E-01  0.00000E+00  0.50000E+00
    5221    1   1   0.00000E+00  0.00000E+00  0.00000E+00
    5222    2   1   0.00000E+00  0.00000E+00  0.25000E+00
    5223    3   1   0.00000E+00  0.00000E+00  0.40000E+00
    5224    4   1   0.00000E+00  0.00000E+00  0.45000E+00
    5225    5   1   0.00000E+00  0.00000E+00  0.48000E+00
    5226    6   1   0.00000E+00  0.00000E+00  0.50000E+00
    5185    1   1   0.10000E-01  0.00000E+00  0.00000E+00
    5186    2   1   0.10000E-01  0.00000E+00  0.25000E+00
    5187    3   1   0.10000E-01  0.00000E+00  0.40000E+00
    5188    4   1   0.10000E-01  0.00000E+00  0.45000E+00
    5189    5   1   0.10000E-01  0.00000E+00  0.48000E+00
    5190    6   1   0.10000E-01  0.00000E+00  0.50000E+00
    4627    1   1   0.20000E-01  0.00000E+00  0.00000E+00
    4628    2   1   0.20000E-01  0.00000E+00  0.25000E+00
    4629    3   1   0.20000E-01  0.00000E+00  0.40000E+00
    4630    4   1   0.20000E-01  0.00000E+00  0.45000E+00
    4631    5   1   0.20000E-01  0.00000E+00  0.48000E+00
    4632    6   1   0.20000E-01  0.00000E+00  0.50000E+00
    4621    1   1   0.30000E-01  0.00000E+00  0.00000E+00
    4622    2   1   0.30000E-01  0.00000E+00  0.25000E+00
    4623    3   1   0.30000E-01  0.00000E+00  0.40000E+00
    4624    4   1   0.30000E-01  0.00000E+00  0.45000E+00
    4625    5   1   0.30000E-01  0.00000E+00  0.48000E+00
    4626    6   1   0.30000E-01  0.00000E+00  0.50000E+00
    4075    1   1   0.40000E-01  0.00000E+00  0.00000E+00
    4076    2   1   0.40000E-01  0.00000E+00  0.25000E+00
    4077    3   1   0.40000E-01  0.00000E+00  0.40000E+00
    4078    4   1   0.40000E-01  0.00000E+00  0.45000E+00
    4079    5   1   0.40000E-01  0.00000E+00  0.48000E+00
    4080    6   1   0.40000E-01  0.00000E+00  0.50000E+00
    4063    1   1   0.50000E-01  0.00000E+00  0.00000E+00
    4064    2   1   0.50000E-01  0.00000E+00  0.25000E+00
    4065    3   1   0.50000E-01  0.00000E+00  0.40000E+00
    4066    4   1   0.50000E-01  0.00000E+00  0.45000E+00
    4067    5   1   0.50000E-01  0.00000E+00  0.48000E+00
    4068    6   1   0.50000E-01  0.00000E+00  0.50000E+00
    3511    1   1   0.60000E-01  0.00000E+00  0.00000E+00
    3512    2   1   0.60000E-01  0.00000E+00  0.25000E+00
    3513    3   1   0.60000E-01  0.00000E+00  0.40000E+00
    3514    4   1   0.60000E-01  0.00000E+00  0.45000E+00
    3515    5   1   0.60000E-01  0.00000E+00  0.48000E+00
    3516    6   1   0.60000E-01  0.00000E+00  0.50000E+00
    3505    1   1   0.70000E-01  0.00000E+00  0.00000E+00
    3506    2   1   0.70000E-01  0.00000E+00  0.25000E+00
    3507    3   1   0.70000E-01  0.00000E+00  0.40000E+00
    3508    4   1   0.70000E-01  0.00000E+00  0.45000E+00
    3509    5   1   0.70000E-01  0.00000E+00  0.48000E+00
    3510    6   1   0.70000E-01  0.00000E+00  0.50000E+00
    3115    1   1   0.80000E-01  0.00000E+00  0.00000E+00
    3116    2   1   0.80000E-01  0.00000E+00  0.25000E+00
    3117    3   1   0.80000E-01  0.00000E+00  0.40000E+00
    3118    4   1   0.80000E-01  0.00000E+00  0.45000E+00
    3119    5   1   0.80000E-01  0.00000E+00  0.48000E+00
    3120    6   1   0.80000E-01  0.00000E+00  0.50000E+00
    3109    1   1   0.90000E-01  0.00000E+00  0.00000E+00
    3110    2   1   0.90000E-01  0.00000E+00  0.25000E+00
    3111    3   1   0.90000E-01  0.00000E+00  0.40000E+00
    3112    4   1   0.90000E-01  0.00000E+00  0.45000E+00
    3113    5   1   0.90000E-01  0.00000E+00  0.48000E+00
    3114    6   1   0.90000E-01  0.00000E+00  0.50000E+00
    2923    1   1   0.10000E+00  0.00000E+00  0.00000E+00
    2924    2   1   0.10000E+00  0.00000E+00  0.25000E+00
    2925    3   1   0.10000E+00  0.00000E+00  0.40000E+00
    2926    4   1   0.10000E+00  0.00000E+00  0.45000E+00
    2927    5   1   0.10000E+00  0.00000E+00  0.48000E+00
    2928    6   1   0.10000E+00  0.00000E+00  0.50000E+00
    2917    1   1   0.11000E+00  0.00000E+00  0.00000E+00
    2918    2   1   0.11000E+00  0.00000E+00  0.25000E+00
    2919    3   1   0.11000E+00  0.00000E+00  0.40000E+00
    2920    4   1   0.11000E+00  0.00000E+00  0.45000E+00
    2921    5   1   0.11000E+00  0.00000E+00  0.48000E+00
    2922    6   1   0.11000E+00  0.00000E+00  0.50000E+00
    2911    1   1   0.12000E+00  0.00000E+00  0.00000E+00
    2912    2   1   0.12000E+00  0.00000E+00  0.25000E+00
    2913    3   1   0.12000E+00  0.00000E+00  0.40000E+00
    2914    4   1   0.12000E+00  0.00000E+00  0.45000E+00
    2915    5   1   0.12000E+00  0.00000E+00  0.48000E+00
    2916    6   1   0.12000E+00  0.00000E+00  0.50000E+00
    2905    1   1   0.13000E+00  0.00000E+00  0.00000E+00
    2906    2   1   0.13000E+00  0.00000E+00  0.25000E+00
    2907    3   1   0.13000E+00  0.00000E+00  0.40000E+00
    2908    4   1   0.13000E+00  0.00000E+00  0.45000E+00
    2909    5   1   0.13000E+00  0.00000E+00  0.48000E+00
    2910    6   1   0.13000E+00  0.00000E+00  0.50000E+00
    2455    1   1   0.14000E+00  0.00000E+00  0.00000E+00
    2456    2   1   0.14000E+00  0.00000E+00  0.25000E+00
    2457    3   1   0.14000E+00  0.00000E+00  0.40000E+00
    2458    4   1   0.14000E+00  0.00000E+00  0.45000E+00
    2459    5   1   0.14000E+00  0.00000E+00  0.48000E+00
    2460    6   1   0.14000E+00  0.00000E+00  0.50000E+00
    2449    1   1   0.15000E+00  0.00000E+00  0.00000E+00
    2450    2   1   0.15000E+00  0.00000E+00  0.25000E+00
    2451    3   1   0.15000E+00  0.00000E+00  0.40000E+00
    2452    4   1   0.15000E+00  0.00000E+00  0.45000E+00
    2453    5   1   0.15000E+00  0.00000E+00  0.48000E+00
    2454    6   1   0.15000E+00  0.00000E+00  0.50000E+00
    2443    1   1   0.16000E+00  0.00000E+00  0.00000E+00
    2444    2   1   0.16000E+00  0.00000E+00  0.25000E+00
    2445    3   1   0.16000E+00  0.00000E+00  0.40000E+00
    2446    4   1   0.16000E+00  0.00000E+00  0.45000E+00
    2447    5   1   0.16000E+00  0.00000E+00  0.48000E+00
    2448    6   1   0.16000E+00  0.00000E+00  0.50000E+00
    2437    1   1   0.17000E+00  0.00000E+00  0.00000E+00
    2438    2   1   0.17000E+00  0.00000E+00  0.25000E+00
    2439    3   1   0.17000E+00  0.00000E+00  0.40000E+00
    2440    4   1   0.17000E+00  0.00000E+00  0.45000E+00
    2441    5   1   0.17000E+00  0.00000E+00  0.48000E+00
    2442    6   1   0.17000E+00  0.00000E+00  0.50000E+00
    2095    1   1   0.18000E+00  0.00000E+00  0.00000E+00
    2096    2   1   0.18000E+00  0.00000E+00  0.25000E+00
    2097    3   1   0.18000E+00  0.00000E+00  0.40000E+00
    2098    4   1   0.18000E+00  0.00000E+00  0.45000E+00
    2099    5   1   0.18000E+00  0.00000E+00  0.48000E+00
    2100    6   1   0.18000E+00  0.00000E+00  0.50000E+00
    2089    1   1   0.19000E+00  0.00000E+00  0.00000E+00
    2090    2   1   0.19000E+00  0.00000E+00  0.25000E+00
    2091    3   1   0.19000E+00  0.00000E+00  0.40000E+00
    2092    4   1   0.19000E+00  0.00000E+00  0.45000E+00
    2093    5   1   0.19000E+00  0.00000E+00  0.48000E+00
    2094    6   1   0.19000E+00  0.00000E+00  0.50000E+00
    2083    1   1   0.20000E+00  0.00000E+00  0.00000E+00
    2084    2   1   0.20000E+00  0.00000E+00  0.25000E+00
    2085    3   1   0.20000E+00  0.00000E+00  0.40000E+00
    2086    4   1   0.20000E+00  0.00000E+00  0.45000E+00
    2087    5   1   0.20000E+00  0.00000E+00  0.48000E+00
    2088    6   1   0.20000E+00  0.00000E+00  0.50000E+00
    2077    1   1   0.21000E+00  0.00000E+00  0.00000E+00
    2078    2   1   0.21000E+00  0.00000E+00  0.25000E+00
    2079    3   1   0.21000E+00  0.00000E+00  0.40000E+00
    2080    4   1   0.21000E+00  0.00000E+00  0.45000E+00
    2081    5   1   0.21000E+00  0.00000E+00  0.48000E+00
    2082    6   1   0.21000E+00  0.00000E+00  0.50000E+00
    1735    1   1   0.22000E+00  0.00000E+00  0.00000E+00
    1736    2   1   0.22000E+00  0.00000E+00  0.25000E+00
    1737    3   1   0.22000E+00  0.00000E+00  0.40000E+00
    1738    4   1   0.22000E+00  0.00000E+00  0.45000E+00
    1739    5   1   0.22000E+00  0.00000E+00  0.48000E+00
    1740    6   1   0.22000E+00  0.00000E+00  0.50000E+00
    1729    1   1   0.23000E+00  0.00000E+00  0.00000E+00
    1730    2   1   0.23000E+00  0.00000E+00  0.25000E+00
    1731    3   1   0.23000E+00  0.00000E+00  0.40000E+00
    1732    4   1   0.23000E+00  0.00000E+00  0.45000E+00
    1733    5   1   0.23000E+00  0.00000E+00  0.48000E+00
    1734    6   1   0.23000E+00  0.00000E+00  0.50000E+00
    1723    1   1   0.24000E+00  0.00000E+00  0.00000E+00
    1724    2   1   0.24000E+00  0.00000E+00  0.25000E+00
    1725    3   1   0.24000E+00  0.00000E+00  0.40000E+00
    1726    4   1   0.24000E+00  0.00000E+00  0.45000E+00
    1727    5   1   0.24000E+00  0.00000E+00  0.48000E+00
    1728    6   1   0.24000E+00  0.00000E+00  0.50000E+00
    1717    1   1   0.25000E+00  0.00000E+00  0.00000E+00
    1718    2   1   0.25000E+00  0.00000E+00  0.25000E+00
    1719    3   1   0.25000E+00  0.00000E+00  0.40000E+00
    1720    4   1   0.25000E+00  0.00000E+00  0.45000E+00
    1721    5   1   0.25000E+00  0.00000E+00  0.48000E+00
    1722    6   1   0.25000E+00  0.00000E+00  0.50000E+00
    1567    1   1   0.26000E+00  0.00000E+00  0.00000E+00
    1568    2   1   0.26000E+00  0.00000E+00  0.25000E+00
    1569    3   1   0.26000E+00  0.00000E+00  0.40000E+00
    1570    4   1   0.26000E+00  0.00000E+00  0.45000E+00
    1571    5   1   0.26000E+00  0.00000E+00  0.48000E+00
    1572    6   1   0.26000E+00  0.00000E+00  0.50000E+00
    1561    1   1   0.27000E+00  0.00000E+00  0.00000E+00
    1562    2   1   0.27000E+00  0.00000E+00  0.25000E+00
    1563    3   1   0.27000E+00  0.00000E+00  0.40000E+00
    1564    4   1   0.27000E+00  0.00000E+00  0.45000E+00
    1565    5   1   0.27000E+00  0.00000E+00  0.48000E+00
    1566    6   1   0.27000E+00  0.00000E+00  0.50000E+00
    1555    1   1   0.28000E+00  0.00000E+00  0.00000E+00
    1556    2   1   0.28000E+00  0.00000E+00  0.25000E+00
    1557    3   1   0.28000E+00  0.00000E+00  0.40000E+00
    1558    4   1   0.28000E+00  0.00000E+00  0.45000E+00
    1559    5   1   0.28000E+00  0.00000E+00  0.48000E+00
    1560    6   1   0.28000E+00  0.00000E+00  0.50000E+00
    1549    1   1   0.29000E+00  0.00000E+00  0.00000E+00
    1550    2   1   0.29000E+00  0.00000E+00  0.25000E+00
    1551    3   1   0.29000E+00  0.00000E+00  0.40000E+00
    1552    4   1   0.29000E+00  0.00000E+00  0.45000E+00
    1553    5   1   0.29000E+00  0.00000E+00  0.48000E+00
    1554    6   1   0.29000E+00  0.00000E+00  0.50000E+00
    1387    1   1   0.30000E+00  0.00000E+00  0.00000E+00
    1388    2   1   0.30000E+00  0.00000E+00  0.25000E+00
    1389    3   1   0.30000E+00  0.00000E+00  0.40000E+00
    1390    4   1   0.30000E+00  0.00000E+00  0.45000E+00
    1391    5   1   0.30000E+00  0.00000E+00  0.48000E+00
    1392    6   1   0.30000E+00  0.00000E+00  0.50000E+00
    1381    1   1   0.31000E+00  0.00000E+00  0.00000E+00
    1382    2   1   0.31000E+00  0.00000E+00  0.25000E+00
    1383    3   1   0.31000E+00  0.00000E+00  0.40000E+00
    1384    4   1   0.31000E+00  0.00000E+00  0.45000E+00
    1385    5   1   0.31000E+00  0.00000E+00  0.48000E+00
    1386    6   1   0.31000E+00  0.00000E+00  0.50000E+00
    1375    1   1   0.32000E+00  0.00000E+00  0.00000E+00
    1376    2   1   0.32000E+00  0.00000E+00  0.25000E+00
    1377    3   1   0.32000E+00  0.00000E+00  0.40000E+00
    1378    4   1   0.32000E+00  0.00000E+00  0.45000E+00
    1379    5   1   0.32000E+00  0.00000E+00  0.48000E+00
    1380    6   1   0.32000E+00  0.00000E+00  0.50000E+00
    1369    1   1   0.33000E+00  0.00000E+00  0.00000E+00
    1370    2   1   0.33000E+00  0.00000E+00  0.25000E+00
    1371    3   1   0.33000E+00  0.00000E+00  0.40000E+00
    1372    4   1   0.33000E+00  0.00000E+00  0.45000E+00
    1373    5   1   0.33000E+00  0.00000E+00  0.48000E+00
    1374    6   1   0.33000E+00  0.00000E+00  0.50000E+00
    1357    1   1   0.34000E+00  0.00000E+00  0.00000E+00
    1358    2   1   0.34000E+00  0.00000E+00  0.25000E+00
    1359    3   1   0.34000E+00  0.00000E+00  0.40000E+00
    1360    4   1   0.34000E+00  0.00000E+00  0.45000E+00
    1361    5   1   0.34000E+00  0.00000E+00  0.48000E+00
    1362    6   1   0.34000E+00  0.00000E+00  0.50000E+00
    1351    1   1   0.35000E+00  0.00000E+00  0.00000E+00
    1352    2   1   0.35000E+00  0.00000E+00  0.25000E+00
    1353    3   1   0.35000E+00  0.00000E+00  0.40000E+00
    1354    4   1   0.35000E+00  0.00000E+00  0.45000E+00
    1355    5   1   0.35000E+00  0.00000E+00  0.48000E+00
    1356    6   1   0.35000E+00  0.00000E+00  0.50000E+00
    1345    1   1   0.36000E+00  0.00000E+00  0.00000E+00
    1346    2   1   0.36000E+00  0.00000E+00  0.25000E+00
    1347    3   1   0.36000E+00  0.00000E+00  0.40000E+00
    1348    4   1   0.36000E+00  0.00000E+00  0.45000E+00
    1349    5   1   0.36000E+00  0.00000E+00  0.48000E+00
    1350    6   1   0.36000E+00  0.00000E+00  0.50000E+00
    1339    1   1   0.37000E+00  0.00000E+00  0.00000E+00
    1340    2   1   0.37000E+00  0.00000E+00  0.25000E+00
    1341    3   1   0.37000E+00  0.00000E+00  0.40000E+00
    1342    4   1   0.37000E+00  0.00000E+00  0.45000E+00
    1343    5   1   0.37000E+00  0.00000E+00  0.48000E+00
    1344    6   1   0.37000E+00  0.00000E+00  0.50000E+00
    1159    1   1   0.38000E+00  0.00000E+00  0.00000E+00
    1160    2   1   0.38000E+00  0.00000E+00  0.25000E+00
    1161    3   1   0.38000E+00  0.00000E+00  0.40000E+00
    1162    4   1   0.38000E+00  0.00000E+00  0.45000E+00
    1163    5   1   0.38000E+00  0.00000E+00  0.48000E+00
    1164    6   1   0.38000E+00  0.00000E+00  0.50000E+00
    1153    1   1   0.39000E+00  0.00000E+00  0.00000E+00
    1154    2   1   0.39000E+00  0.00000E+00  0.25000E+00
    1155    3   1   0.39000E+00  0.00000E+00  0.40000E+00
    1156    4   1   0.39000E+00  0.00000E+00  0.45000E+00
    1157    5   1   0.39000E+00  0.00000E+00  0.48000E+00
    1158    6   1   0.39000E+00  0.00000E+00  0.50000E+00
    1147    1   1   0.40000E+00  0.00000E+00  0.00000E+00
    1148    2   1   0.40000E+00  0.00000E+00  0.25000E+00
    1149    3   1   0.40000E+00  0.00000E+00  0.40000E+00
    1150    4   1   0.40000E+00  0.00000E+00  0.45000E+00
    1151    5   1   0.40000E+00  0.00000E+00  0.48000E+00
    1152    6   1   0.40000E+00  0.00000E+00  0.50000E+00
    1141    1   1   0.41000E+00  0.00000E+00  0.00000E+00
    1142    2   1   0.41000E+00  0.00000E+00  0.25000E+00
    1143    3   1   0.41000E+00  0.00000E+00  0.40000E+00
    1144    4   1   0.41000E+00  0.00000E+00  0.45000E+00
    1145    5   1   0.41000E+00  0.00000E+00  0.48000E+00
    1146    6   1   0.41000E+00  0.00000E+00  0.50000E+00
    1135    1   1   0.42000E+00  0.00000E+00  0.00000E+00
    1136    2   1   0.42000E+00  0.00000E+00  0.25000E+00
    1137    3   1   0.42000E+00  0.00000E+00  0.40000E+00
    1138    4   1   0.42000E+00  0.00000E+00  0.45000E+00
    1139    5   1   0.42000E+00  0.00000E+00  0.48000E+00
    1140    6   1   0.42000E+00  0.00000E+00  0.50000E+00
    1165    1   1   0.43000E+00  0.00000E+00  0.00000E+00
    1166    2   1   0.43000E+00  0.00000E+00  0.25000E+00
    1167    3   1   0.43000E+00  0.00000E+00  0.40000E+00
    1168    4   1   0.43000E+00  0.00000E+00  0.45000E+00
    1169    5   1   0.43000E+00  0.00000E+00  0.48000E+00
    1170    6   1   0.43000E+00  0.00000E+00  0.50000E+00
    1171    1   1   0.44000E+00  0.00000E+00  0.00000E+00
    1172    2   1   0.44000E+00  0.00000E+00  0.25000E+00
    1173    3   1   0.44000E+00  0.00000E+00  0.40000E+00
    1174    4   1   0.44000E+00  0.00000E+00  0.45000E+00
    1175    5   1   0.44000E+00  0.00000E+00  0.48000E+00
    1176    6   1   0.44000E+00  0.00000E+00  0.50000E+00
    1399    1   1   0.45000E+00  0.00000E+00  0.00000E+00
    1401    2   1   0.45000E+00  0.00000E+00  0.25000E+00
    1403    3   1   0.45000E+00  0.00000E+00  0.40000E+00
    1404    4   1   0.45000E+00  0.00000E+00  0.45000E+00
    1405    5   1   0.45000E+00  0.00000E+00  0.48000E+00
    1406    6   1   0.45000E+00  0.00000E+00  0.50000E+00
    1400    1   1   0.46000E+00  0.00000E+00  0.00000E+00
    1402    2   1   0.46000E+00  0.00000E+00  0.25000E+00
    1407    3   1   0.46000E+00  0.00000E+00  0.40000E+00
    1408    4   1   0.46000E+00  0.00000E+00  0.45000E+00
    1409    5   1   0.46000E+00  0.00000E+00  0.48000E+00
    1410    6   1   0.46000E+00  0.00000E+00  0.50000E+00
    1676    1   1   0.47000E+00  0.00000E+00  0.00000E+00
    1680    2   1   0.47000E+00  0.00000E+00  0.25000E+00
    1683    3   1   0.47000E+00  0.00000E+00  0.40000E+00
    1688    4   1   0.47000E+00  0.00000E+00  0.45000E+00
    1689    5   1   0.47000E+00  0.00000E+00  0.48000E+00
    1690    6   1   0.47000E+00  0.00000E+00  0.50000E+00
    1987    1   1   0.48000E+00  0.00000E+00  0.00000E+00
    1994    2   1   0.48000E+00  0.00000E+00  0.25000E+00
    1995    3   1   0.48000E+00  0.00000E+00  0.40000E+00
    1996    4   1   0.48000E+00  0.00000E+00  0.45000E+00
    1997    5   1   0.48000E+00  0.00000E+00  0.48000E+00
    1998    6   1   0.48000E+00  0.00000E+00  0.50000E+00
    2353    1   1   0.50000E+00  0.00000E+00  0.00000E+00
    2360    2   1   0.50000E+00  0.00000E+00  0.25000E+00
    2367    3   1   0.50000E+00  0.00000E+00  0.40000E+00
    2368    4   1   0.50000E+00  0.00000E+00  0.45000E+00
    2369    5   1   0.50000E+00  0.00000E+00  0.48000E+00
    2370    6   1   0.50000E+00  0.00000E+00  0.50000E+00
    2689    1   1   0.52000E+00  0.00000E+00  0.00000E+00
    2690    2   1   0.52000E+00  0.00000E+00  0.25000E+00
    2691    3   1   0.52000E+00  0.00000E+00  0.40000E+00
    2692    4   1   0.52000E+00  0.00000E+00  0.45000E+00
    2693    5   1   0.52000E+00  0.00000E+00  0.48000E+00
    2694    6   1   0.52000E+00  0.00000E+00  0.50000E+00
    3175    1   1   0.56000E+00  0.00000E+00  0.00000E+00
    3177    2   1   0.56000E+00  0.00000E+00  0.25000E+00
    3179    3   1   0.56000E+00  0.00000E+00  0.40000E+00
    3181    4   1   0.56000E+00  0.00000E+00  0.45000E+00
    3182    5   1   0.56000E+00  0.00000E+00  0.48000E+00
    3183    6   1   0.56000E+00  0.00000E+00  0.50000E+00
    3176    1   1   0.60000E+00  0.00000E+00  0.00000E+00
    3178    2   1   0.60000E+00  0.00000E+00  0.25000E+00
    3180    3   1   0.60000E+00  0.00000E+00  0.40000E+00
    3184    4   1   0.60000E+00  0.00000E+00  0.45000E+00
    3185    5   1   0.60000E+00  0.00000E+00  0.48000E+00
    3186    6   1   0.60000E+00  0.00000E+00  0.50000E+00
    3717    1   1   0.64000E+00  0.00000E+00  0.00000E+00
    3722    2   1   0.64000E+00  0.00000E+00  0.25000E+00
    3727    3   1   0.64000E+00  0.00000E+00  0.40000E+00
    3732    4   1   0.64000E+00  0.00000E+00  0.45000E+00
    3736    5   1   0.64000E+00  0.00000E+00  0.48000E+00
    3738    6   1   0.64000E+00  0.00000E+00  0.50000E+00
    3718    1   1   0.68000E+00  0.00000E+00  0.00000E+00
    3723    2   1   0.68000E+00  0.00000E+00  0.25000E+00
    3728    3   1   0.68000E+00  0.00000E+00  0.40000E+00
    3739    4   1   0.68000E+00  0.00000E+00  0.45000E+00
    3741    5   1   0.68000E+00  0.00000E+00  0.48000E+00
    3742    6   1   0.68000E+00  0.00000E+00  0.50000E+00
    4251    1   1   0.84000E+00  0.00000E+00  0.00000E+00
    4275    2   1   0.84000E+00  0.00000E+00  0.25000E+00
    4300    3   1   0.84000E+00  0.00000E+00  0.40000E+00
    4301    4   1   0.84000E+00  0.00000E+00  0.45000E+00
    4302    5   1   0.84000E+00  0.00000E+00  0.48000E+00
    4303    6   1   0.84000E+00  0.00000E+00  0.50000E+00
    4246    1   1   0.10000E+01  0.00000E+00  0.00000E+00
    4270    2   1   0.10000E+01  0.00000E+00  0.25000E+00
    4277    3   1   0.10000E+01  0.00000E+00  0.40000E+00
    4283    4   1   0.10000E+01  0.00000E+00  0.45000E+00
    4286    5   1   0.10000E+01  0.00000E+00  0.48000E+00
    4287    6   1   0.10000E+01  0.00000E+00  0.50000E+00
    4245    1   1   0.12425E+01  0.00000E+00  0.00000E+00
    4269    2   1   0.12425E+01  0.00000E+00  0.25000E+00
    4276    3   1   0.12425E+01  0.00000E+00  0.40000E+00
    4282    4   1   0.12425E+01  0.00000E+00  0.45000E+00
    4284    5   1   0.12425E+01  0.00000E+00  0.48000E+00
    4285    6   1   0.12425E+01  0.00000E+00  0.50000E+00
    3692    1   1   0.15108E+01  0.00000E+00  0.00000E+00
    3697    2   1   0.15108E+01  0.00000E+00  0.25000E+00
    3704    3   1   0.15108E+01  0.00000E+00  0.40000E+00
    3707    4   1   0.15108E+01  0.00000E+00  0.45000E+00
    3710    5   1   0.15108E+01  0.00000E+00  0.48000E+00
    3711    6   1   0.15108E+01  0.00000E+00  0.50000E+00
    3158    1   1   0.18077E+01  0.00000E+00  0.00000E+00
    3165    2   1   0.18077E+01  0.00000E+00  0.25000E+00
    3167    3   1   0.18077E+01  0.00000E+00  0.40000E+00
    3168    4   1   0.18077E+01  0.00000E+00  0.45000E+00
    3169    5   1   0.18077E+01  0.00000E+00  0.48000E+00
    3170    6   1   0.18077E+01  0.00000E+00  0.50000E+00
    2683    1   1   0.21363E+01  0.00000E+00  0.00000E+00
    2684    2   1   0.21363E+01  0.00000E+00  0.25000E+00
    2685    3   1   0.21363E+01  0.00000E+00  0.40000E+00
    2686    4   1   0.21363E+01  0.00000E+00  0.45000E+00
    2687    5   1   0.21363E+01  0.00000E+00  0.48000E+00
    2688    6   1   0.21363E+01  0.00000E+00  0.50000E+00
    2677    1   1   0.25000E+01  0.00000E+00  0.00000E+00
    2678    2   1   0.25000E+01  0.00000E+00  0.25000E+00
    2679    3   1   0.25000E+01  0.00000E+00  0.40000E+00
    2680    4   1   0.25000E+01  0.00000E+00  0.45000E+00
    2681    5   1   0.25000E+01  0.00000E+00  0.48000E+00
    2682    6   1   0.25000E+01  0.00000E+00  0.50000E+00
    2671    1   1   0.31712E+01  0.00000E+00  0.00000E+00
    2672    2   1   0.31712E+01  0.00000E+00  0.25000E+00
    2673    3   1   0.31712E+01  0.00000E+00  0.40000E+00
    2674    4   1   0.31712E+01  0.00000E+00  0.45000E+00
    2675    5   1   0.31712E+01  0.00000E+00  0.48000E+00
    2676    6   1   0.31712E+01  0.00000E+00  0.50000E+00
    2665    1   1   0.39932E+01  0.00000E+00  0.00000E+00
    2666    2   1   0.39932E+01  0.00000E+00  0.25000E+00
    2667    3   1   0.39932E+01  0.00000E+00  0.40000E+00
    2668    4   1   0.39932E+01  0.00000E+00  0.45000E+00
    2669    5   1   0.39932E+01  0.00000E+00  0.48000E+00
    2670    6   1   0.39932E+01  0.00000E+00  0.50000E+00
    2635    1   1   0.50000E+01  0.00000E+00  0.00000E+00
    2636    2   1   0.50000E+01  0.00000E+00  0.25000E+00
    2637    3   1   0.50000E+01  0.00000E+00  0.40000E+00
    2638    4   1   0.50000E+01  0.00000E+00  0.45000E+00
    2639    5   1   0.50000E+01  0.00000E+00  0.48000E+00
    2640    6   1   0.50000E+01  0.00000E+00  0.50000E+00
    2515    1   1   0.70441E+01  0.00000E+00  0.00000E+00
    2516    2   1   0.70441E+01  0.00000E+00  0.25000E+00
    2517    3   1   0.70441E+01  0.00000E+00  0.40000E+00
    2518    4   1   0.70441E+01  0.00000E+00  0.45000E+00
    2519    5   1   0.70441E+01  0.00000E+00  0.48000E+00
    2520    6   1   0.70441E+01  0.00000E+00  0.50000E+00
    2113    1   1   0.94285E+01  0.00000E+00  0.00000E+00
    2114    2   1   0.94285E+01  0.00000E+00  0.25000E+00
    2115    3   1   0.94285E+01  0.00000E+00  0.40000E+00
    2116    4   1   0.94285E+01  0.00000E+00  0.45000E+00
    2117    5   1   0.94285E+01  0.00000E+00  0.48000E+00
    2118    6   1   0.94285E+01  0.00000E+00  0.50000E+00
    1747    1   1   0.12210E+02  0.00000E+00  0.00000E+00
    1748    2   1   0.12210E+02  0.00000E+00  0.25000E+00
    1749    3   1   0.12210E+02  0.00000E+00  0.40000E+00
    1750    4   1   0.12210E+02  0.00000E+00  0.45000E+00
    1751    5   1   0.12210E+02  0.00000E+00  0.48000E+00
    1752    6   1   0.12210E+02  0.00000E+00  0.50000E+00
    1429    1   1   0.15455E+02  0.00000E+00  0.00000E+00
    1430    2   1   0.15455E+02  0.00000E+00  0.25000E+00
    1431    3   1   0.15455E+02  0.00000E+00  0.40000E+00
    1432    4   1   0.15455E+02  0.00000E+00  0.45000E+00
    1433    5   1   0.15455E+02  0.00000E+00  0.48000E+00
    1434    6   1   0.15455E+02  0.00000E+00  0.50000E+00
    1183    1   1   0.19240E+02  0.00000E+00  0.00000E+00
    1184    2   1   0.19240E+02  0.00000E+00  0.25000E+00
    1185    3   1   0.19240E+02  0.00000E+00  0.40000E+00
    1186    4   1   0.19240E+02  0.00000E+00  0.45000E+00
    1187    5   1   0.19240E+02  0.00000E+00  0.48000E+00
    1188    6   1   0.19240E+02  0.00000E+00  0.50000E+00
    1015    1   1   0.23655E+02  0.00000E+00  0.00000E+00
    1016    2   1   0.23655E+02  0.00000E+00  0.25000E+00
    1017    3   1   0.23655E+02  0.00000E+00  0.40000E+00
    1018    4   1   0.23655E+02  0.00000E+00  0.45000E+00
    1019    5   1   0.23655E+02  0.00000E+00  0.48000E+00
    1020    6   1   0.23655E+02  0.00000E+00  0.50000E+00
     950    1   1   0.28806E+02  0.00000E+00  0.00000E+00
     972    2   1   0.28806E+02  0.00000E+00  0.25000E+00
     987    3   1   0.28806E+02  0.00000E+00  0.40000E+00
     998    4   1   0.28806E+02  0.00000E+00  0.45000E+00
    1007    5   1   0.28806E+02  0.00000E+00  0.48000E+00
    1008    6   1   0.28806E+02  0.00000E+00  0.50000E+00
     832    1   1   0.34815E+02  0.00000E+00  0.00000E+00
     850    2   1   0.34815E+02  0.00000E+00  0.25000E+00
     864    3   1   0.34815E+02  0.00000E+00  0.40000E+00
     878    4   1   0.34815E+02  0.00000E+00  0.45000E+00
     881    5   1   0.34815E+02  0.00000E+00  0.48000E+00
     882    6   1   0.34815E+02  0.00000E+00  0.50000E+00
     711    1   1   0.41824E+02  0.00000E+00  0.00000E+00
     728    2   1   0.41824E+02  0.00000E+00  0.25000E+00
     747    3   1   0.41824E+02  0.00000E+00  0.40000E+00
     752    4   1   0.41824E+02  0.00000E+00  0.45000E+00
     755    5   1   0.41824E+02  0.00000E+00  0.48000E+00
     756    6   1   0.41824E+02  0.00000E+00  0.50000E+00
     590    1   1   0.50000E+02  0.00000E+00  0.00000E+00
     614    2   1   0.50000E+02  0.00000E+00  0.25000E+00
     621    3   1   0.50000E+02  0.00000E+00  0.40000E+00
     626    4   1   0.50000E+02  0.00000E+00  0.45000E+00
     629    5   1   0.50000E+02  0.00000E+00  0.48000E+00
     630    6   1   0.50000E+02  0.00000E+00  0.50000E+00
     479    1   1   0.59732E+02 -0.13144E-12  0.00000E+00
     488    2   1   0.59732E+02 -0.13144E-12  0.25000E+00
     495    3   1   0.59732E+02 -0.13144E-12  0.40000E+00
     500    4   1   0.59732E+02 -0.13144E-12  0.45000E+00
     503    5   1   0.59732E+02 -0.13144E-12  0.48000E+00
     504    6   1   0.59732E+02 -0.13144E-12  0.50000E+00
     353    1   1   0.71115E+02 -0.17881E-12  0.00000E+00
     362    2   1   0.71115E+02 -0.17881E-12  0.25000E+00
     369    3   1   0.71115E+02 -0.17881E-12  0.40000E+00
     374    4   1   0.71115E+02 -0.17881E-12  0.45000E+00
     377    5   1   0.71115E+02 -0.17881E-12  0.48000E+00
     378    6   1   0.71115E+02 -0.17881E-12  0.50000E+00
     227    1   1   0.84428E+02 -0.23420E-12  0.00000E+00
     236    2   1   0.84428E+02 -0.23420E-12  0.25000E+00
     243    3   1   0.84428E+02 -0.23420E-12  0.40000E+00
     248    4   1   0.84428E+02 -0.23420E-12  0.45000E+00
     251    5   1   0.84428E+02 -0.23420E-12  0.48000E+00
     252    6   1   0.84428E+02 -0.23420E-12  0.50000E+00
     101    1   1   0.10000E+03 -0.29900E-12  0.00000E+00
     110    2   1   0.10000E+03 -0.29900E-12  0.25000E+00
     117    3   1   0.10000E+03 -0.29900E-12  0.40000E+00
     122    4   1   0.10000E+03 -0.29900E-12  0.45000E+00
     125    5   1   0.10000E+03 -0.29900E-12  0.48000E+00
     126    6   1   0.10000E+03 -0.29900E-12  0.50000E+00
