  domain crack_center
  normal plane nx 0  ny -1.0 nz 0.
  node set 1 32789 25939 26479 26999 27499 27979 28439, 
             28879 29299 29809 30299 30639 30749 31059, 
             31159 31448 31529 31915 31979 32282 32331, 
             32561 32597 32764 32903 32919 32990 32999, 
             33037 33041 33056 33057 33058
  node set 2 32787 25937 26477 26997 27497 27977 28437, 
             28877 29297 29807 30297 30637 30747 31057, 
             31157 31446 31527 31913 31977 32280 32329, 
             32559 32595 32762 32901 32917 32988 32997, 
             33035 33039 33051 33053 33059
   front node sets   1  2    linear
   q-values automatic rings 8-20
   function type a
   print totals
   compute domain integral

