      1,  0.596046457E-08 
   1224,  0.444000965E-03 
   1225,  0.110999344E-02 
   1226,  0.199801335E-02 
   1227,  0.310800085E-02 
   1228,  0.444001565E-02 
   1229,  0.599399814E-02 
   1230,  0.777000794E-02 
   1231,  0.976801477E-02 
   1232,  0.119880196E-01 
   1233,  0.144299921E-01 
   1234,  0.170939919E-01 
   1235,  0.199800190E-01 
   1236,  0.230880138E-01 
   1237,  0.264180061E-01 
   1238,  0.299699958E-01 
   1239,  0.338061526E-01 
   1240,  0.377222374E-01 
   1241,  0.417182520E-01 
   1242,  0.457941666E-01 
   1243,  0.499500111E-01 
   1244,  0.541857555E-01 
   1245,  0.585014597E-01 
   1246,  0.628970340E-01 
   1247,  0.673725680E-01 
   1248,  0.719280019E-01 
   1249,  0.765633658E-01 
   1250,  0.812786594E-01 
   1251,  0.860738531E-01 
   1252,  0.909489766E-01 
   1253,  0.959040001E-01 
   1254,  0.100938953E+00 
   1255,  0.106053866E+00 
   1256,  0.111248650E+00 
   1257,  0.116523363E+00 
   1258,  0.121878006E+00 
   1259,  0.127312571E+00 
   1260,  0.132827073E+00 
   1261,  0.138421446E+00 
   1262,  0.144095749E+00 

