   0      0
 0.100000E-04     0.000010   
 0.500100E-01     0.049947   
 0.100010E+00     0.099946   
 0.150010E+00     0.149946   
 0.200010E+00     0.199945   
 0.280010E+00     0.279944   
 0.360010E+00     0.359942   
 0.440010E+00     0.439941   
 0.520010E+00     0.519940   
 0.600010E+00     0.599938   
 0.680010E+00     0.679936   
 0.760010E+00     0.759934   
 0.840010E+00     0.839931   
 0.920010E+00     0.919929   
 0.100001E+01     0.999927   
 0.108001E+01     1.079925   
 0.116001E+01     1.159923   
 0.124001E+01     1.239922   
 0.132001E+01     1.319921   
 0.140001E+01     1.399921   
 0.148001E+01     1.479921   
 0.156001E+01     1.559921   
 0.164001E+01     1.639922   
 0.172001E+01     1.719926   
 0.180001E+01     1.799924   
 0.188001E+01     1.879923   
 0.196001E+01     1.959921   
 0.204001E+01     2.039919   
 0.212001E+01     2.119917   
 0.220001E+01     2.199915   
 0.228001E+01     2.279913   
 0.236001E+01     2.359911   
 0.244001E+01     2.439909   
 0.252001E+01     2.519908   
 0.260001E+01     2.599906   
 0.268001E+01     2.679903   
 0.276001E+01     2.759901   
 0.284001E+01     2.839898   
 0.292001E+01     2.919895   
 0.300001E+01     2.999892   
 