c 
domain j_6
  normal plane nx 1 ny 0 nz 0
  symmetric
c  
c     Node sets for the initial radius blunt crack
c     crack nodes from   1 to  33
c  
node set	1,
  16926 16898  16899  16970  16971  16972  16973,
 		16974  16975  17640,
 17641  17642  17643  17644  17645  39916  39954  39977  40000  40023,
 40046  40069  84439  84462  84485  84508  84531  84554  84577
node set	2,
 84578 39921  39923  39958  39981  40004  40027  40050,  
40073  84440  84463  84486  84509  84532  84555
node set	3,
  17672   16989  16990  17906  17907  17908  17909,
  17910  17911  22732  22733  22734  22735  22736  22737  39740,
 39778  39801  39824  39847  39870  39893  84278  84301  84324,
  84347  84370  84393  84416
node set	4,
  84417 39745  39747  39782  39805  39828  39851  39874,
  39897  84279  84302  84325  84348  84371  84394
node set	5,
  17673 16988  16991    17900  17901  17902  17903,
  17904  17905  22726  22727  22728  22729  22730  22731  39564,
 39602  39625  39648  39671  39694  39717  84117  84140  84163,
  84186  84209  84232  84255
node set	6,
  84256 39569  39571  39606  39629  39652  39675  39698  39721  84118,
  84141  84164  84187  84210  84233
node set	7,
  17674 16987  16992   17894  17895  17896  17897  17898  17899,
  22720  22721  22722  22723  22724  22725  39388,
 39426  39449  39472  39495  39518  39541  83956  83979  84002,
  84025  84048  84071  84094
node set	8,
  84095 39393  39395  39430  39453  39476  39499  39522  39545  83957,
  83980  84003  84026  84049  84072
node set	9,
 17675 16986  16993   17888  17889  17890  17891  17892  17893,
  22714  22715  22716  22717  22718  22719  39212,
 39250  39273  39296  39319  39342  39365  83795  83818  83841,
  83864  83887  83910  83933
node set	10,
  83934 39217  39219  39254  39277  39300  39323  39346  39369  83796,
  83819  83842  83865  83888  83911
node set	11,
 17676 16985  16994    17882  17883  17884  17885  17886  17887,
  22708  22709  22710  22711  22712  22713  39036,
 39074  39097  39120  39143  39166  39189  83634  83657  83680,
  83703  83726  83749  83772
node set	12,
  83773 39041  39043  39078  39101  39124  39147  39170  39193  83635  83658,
  83681  83704  83727  83750
node set	13,
  17677 16984  16995   17876  17877  17878  17879  17880  17881  22702,
  22703  22704  22705  22706  22707  38860,
 38898  38921  38944  38967  38990  39013  83473  83496  83519  83542,
  83565  83588  83611
node set	14,
  83612 38865  38867  38902  38925  38948  38971  38994  39017  83474  83497,
  83520  83543  83566  83589
node set	15,
  17678 16983  16996   17870  17871  17872  17873  17874  17875  22696,
  22697  22698  22699  22700  22701  38684,
 38722  38745  38768  38791  38814  38837  83312  83335  83358  83381,
  83404  83427  83450
node set	16,
  83451 38689  38691  38726  38749  38772  38795  38818  38841  83313  83336,
  83359  83382  83405  83428
node set	17,
 17679 16982  16997   17864  17865  17866  17867  17868  17869  22690,
  22691  22692  22693  22694  22695  38508,
 38546  38569  38592  38615  38638  38661  83151  83174  83197  83220,
  83243  83266  83289
node set	18,
 83290 38513  38515  38550  38573  38596  38619  38642  38665  83152  83175,
  83198  83221  83244  83267
node set	19,
 17680 16981  16998   17858  17859  17860  17861  17862  17863  22684,
  22685  22686  22687  22688  22689  38332,
 38370  38393  38416  38439  38462  38485  82990  83013  83036  83059,
  83082  83105  83128
node set	20,
 83129 38337  38339  38374  38397  38420  38443  38466  38489  82991  83014,
  83037  83060  83083  83106
node set	21,
 17681 16980  16999  17852  17853  17854  17855  17856  17857  22678,
  22679  22680  22681  22682  22683  38156,
 38194  38217  38240  38263  38286  38309  82829  82852  82875  82898,
  82921  82944  82967
node set	22,
 82968 38161  38163  38198  38221  38244  38267  38290  38313  82830  82853,
  82876  82899  82922  82945 
node set	23,
 17682 16979  17000   17846  17847  17848  17849  17850  17851  22672,
  22673  22674  22675  22676  22677  37980,
 38018  38041  38064  38087  38110  38133  82668  82691  82714  82737,
  82760  82783  82806
node set	24,
 82807 37985  37987  38022  38045  38068  38091  38114  38137  82669  82692,
  82715  82738  82761  82784  
node set	25,
 17683  16978  17001   17840  17841  17842  17843  17844  17845  22666,
  22667  22668  22669  22670  22671  37804,
 37842  37865  37888  37911  37934  37957  82507  82530  82553  82576,
  82599  82622  82645
node set	26,
 82646 37809  37811  37846  37869  37892  37915  37938  37961  82508  82531,
  82554  82577  82600  82623 
node set	27,
 17684  16977  17002   17834  17835  17836  17837  17838  17839  22660,
  22661  22662  22663  22664  22665  37628,
 37666  37689  37712  37735  37758  37781  82346  82369  82392  82415,
  82438  82461  82484
node set	28,
 82485 37633  37635  37670  37693  37716  37739  37762  37785  82347  82370,
  82393  82416  82439  82462 
node set	29,
17685  16976  17003    17828  17829  17830  17831  17832  17833  22654,
  22655  22656  22657  22658  22659  37340,
 37400  37438  37476  37514  37552  37590  82093  82131  82169  82207,
  82245  82283  82321
node set	30,
 82324 37349  37351  37407  37445  37483  37521  37559  37597  82096  82134,
  82172  82210  82248  82286 
node set	31,
 16924 16892  16895    16946  16947  16948  16949  16950  16951  17622,
  17623  17624  17625  17626  17627  37347,
 37405  37443  37481  37519  37557  37595  82094  82132  82170  82208,
  82246  82284  82322
  front node sets  9-13  q3disop verify
  q-values automatic rings 30-45
  function type b
  print totals
    print J
    output packets j 
  compute domain integral
c
