blocking   $    vectorized
*echo off
     1   128     1
     2   128   129
     3   128   257
     4   128   385
     5   128   513
     6   128   641
     7   128   769
     8   128   897
     9   128  1025
    10   128  1153
    11   128  1281
    12   128  1409
    13   128  1537
    14   128  1665
    15   128  1793
    16   128  1921
    17   128  2049
    18   128  2177
    19   128  2305
    20   128  2433
    21   128  2561
    22   128  2689
    23   128  2817
    24   128  2945
    25   128  3073
    26   128  3201
    27   128  3329
    28   128  3457
    29   128  3585
    30   128  3713
    31   128  3841
    32   128  3969
    33   128  4097
    34   128  4225
    35   128  4353
    36   128  4481
    37   128  4609
    38   128  4737
    39   128  4865
    40   128  4993
    41   128  5121
    42   128  5249
    43   128  5377
    44   128  5505
    45   128  5633
    46   128  5761
    47   128  5889
    48   128  6017
    49   128  6145
    50   128  6273
    51   128  6401
    52   128  6529
    53   128  6657
    54   128  6785
    55   128  6913
    56   128  7041
    57   128  7169
    58   128  7297
    59   128  7425
    60   128  7553
    61   128  7681
    62   128  7809
    63   128  7937
    64   128  8065
    65   128  8193
    66   128  8321
    67   128  8449
    68   128  8577
    69   128  8705
    70   128  8833
    71   128  8961
    72   128  9089
    73   128  9217
    74   128  9345
    75   128  9473
    76   128  9601
    77   128  9729
    78   128  9857
    79   128  9985
    80   128 10113
    81   128 10241
    82   128 10369
    83   128 10497
    84   128 10625
    85   128 10753
    86   128 10881
    87   128 11009
    88   128 11137
    89   128 11265
    90   128 11393
    91   128 11521
    92   128 11649
    93   128 11777
    94   128 11905
    95   128 12033
    96   128 12161
    97   128 12289
    98   128 12417
    99   128 12545
   100   128 12673
   101   128 12801
   102   128 12929
   103   128 13057
   104   128 13185
   105   128 13313
   106   128 13441
   107   128 13569
   108   128 13697
   109   128 13825
   110   128 13953
   111   128 14081
   112   128 14209
   113   128 14337
   114   128 14465
   115   128 14593
   116   128 14721
   117   128 14849
   118   128 14977
   119   128 15105
   120   128 15233
   121   128 15361
   122   128 15489
   123   128 15617
   124   128 15745
   125   128 15873
   126   128 16001
   127   128 16129
   128   128 16257
   129   128 16385
   130   128 16513
   131   128 16641
   132   128 16769
   133   128 16897
   134   128 17025
   135   128 17153
   136   128 17281
   137   128 17409
   138   128 17537
   139   128 17665
   140   128 17793
   141   128 17921
   142   128 18049
   143   128 18177
   144   128 18305
   145   128 18433
   146   128 18561
   147   128 18689
   148   128 18817
   149    89 18945
   150    89 19034
   151    61 19123
   152    61 19184
   153    30 19245
   154    30 19275
   155    14 19305
   156    14 19319
   157     1 19333
   158     1 19334
*echo on
