c 
domain j_1
  normal plane nx 1 ny 0 nz 0
  symmetric
c  
c     Node sets for the sharp-tip crack
c     crack nodes from   1 to  33
c  
node set 1,
 17509  15902  17468  17470  17507  17515  33723  33724  33725  33726,
 33727  33728  33729  33730  33839  33840,
 33841  33842  33843  33844  33845  33846  33847  33957  33958  33959,
 33960  33961  33962  33963  33964  33965,
 34029  34030  34031  34032  34033  34034  34035  34036  34037

node set 2,
 33910  17504  33747  33793  33864  33982  76492  76495  76498  76660,
 76664  76665  76668  76860  76861  76864,
 76867  77058  77062  77063  77066

node set 3,
 33909  17488  33746  33792  33863  33981  76490  76491  76493  76494,
 76496  76497  76499  76500  76658  76659,
 76661  76662  76663  76666  76667  76669  76670  76857  76858  76859,
 76862  76863  76865  76866  76868  76869,
 77056  77057  77059  77060  77061  77064  77065  77067  77068

node set 4,
 33912  17503  33749  33795  33866  33984  76503  76506  76509  76673,
 76677  76678  76681  76873  76874  76877,
 76880  77071  77075  77076  77079

node set 5,
 33911  17487  33748  33794  33865  33983  76501  76502  76504  76505,
 76507  76508  76510  76511  76671  76672,
 76674  76675  76676  76679  76680  76682  76683  76870  76871  76872,
 76875  76876  76878  76879  76881  76882,
 77069  77070  77072  77073  77074  77077  77078  77080  77081

node set 6,
 33914  17502  33751  33797  33868  33986  76514  76517  76520  76686,
 76690  76691  76694  76886  76887  76890,
 76893  77084  77088  77089  77092

node set 7,
 33913  17486  33750  33796  33867  33985  76512  76513  76515  76516,
 76518  76519  76521  76522  76684  76685,
 76687  76688  76689  76692  76693  76695  76696  76883  76884  76885,
 76888  76889  76891  76892  76894  76895,
 77082  77083  77085  77086  77087  77090  77091  77093  77094

node set 8,
 33916  17501  33753  33799  33870  33988  76525  76528  76531  76699,
 76703  76704  76707  76899  76900  76903,
 76906  77097  77101  77102  77105

node set 9,
 33915  17485  33752  33798  33869  33987  76523  76524  76526  76527,
 76529  76530  76532  76533  76697  76698,
 76700  76701  76702  76705  76706  76708  76709  76896  76897  76898,
 76901  76902  76904  76905  76907  76908,
 77095  77096  77098  77099  77100  77103  77104  77106  77107

node set 10,
 33918  17500  33755  33801  33872  33990  76536  76539  76542  76712,
 76716  76717  76720  76912  76913  76916,
 76919  77110  77114  77115  77118

node set 11,
 33917  17484  33754  33800  33871  33989  76534  76535  76537  76538,
 76540  76541  76543  76544  76710  76711,
 76713  76714  76715  76718  76719  76721  76722  76909  76910  76911,
 76914  76915  76917  76918  76920  76921,
 77108  77109  77111  77112  77113  77116  77117  77119  77120

node set 12,
 33920  17499  33757  33803  33874  33992  76547  76550  76553  76725,
 76729  76730  76733  76925  76926  76929,
 76932  77123  77127  77128  77131

node set 13,
 33919  17483  33756  33802  33873  33991  76545  76546  76548  76549,
 76551  76552  76554  76555  76723  76724,
 76726  76727  76728  76731  76732  76734  76735  76922  76923  76924,
 76927  76928  76930  76931  76933  76934,
 77121  77122  77124  77125  77126  77129  77130  77132  77133

node set 14,
 33922  17498  33759  33805  33876  33994  76558  76561  76564  76738,
 76742  76743  76746  76938  76939  76942,
 76945  77136  77140  77141  77144

node set 15,
 33921  17482  33758  33804  33875  33993  76556  76557  76559  76560,
 76562  76563  76565  76566  76736  76737,
 76739  76740  76741  76744  76745  76747  76748  76935  76936  76937,
 76940  76941  76943  76944  76946  76947,
 77134  77135  77137  77138  77139  77142  77143  77145  77146

node set 16,
 33924  17497  33761  33807  33878  33996  76569  76572  76575  76751,
 76755  76756  76759  76951  76952  76955,
 76958  77149  77153  77154  77157

node set 17,
 33923  17481  33760  33806  33877  33995  76567  76568  76570  76571,
 76573  76574  76576  76577  76749  76750,
 76752  76753  76754  76757  76758  76760  76761  76948  76949  76950, 
 76953  76954  76956  76957  76959  76960,
 77147  77148  77150  77151  77152  77155  77156  77158  77159

node set 18,
 33926  17496  33763  33809  33880  33998  76580  76583  76586  76764,
 76768  76769  76772  76964  76965  76968,
 76971  77162  77166  77167  77170

node set 19,
 33925  17480  33762  33808  33879  33997  76578  76579  76581  76582,
 76584  76585  76587  76588  76762  76763,
 76765  76766  76767  76770  76771  76773  76774  76961  76962  76963,
 76966  76967  76969  76970  76972  76973,
 77160  77161  77163  77164  77165  77168  77169  77171  77172

node set 20,
 33928  17495  33765  33811  33882  34000  76591  76594  76597  76777,
 76781  76782  76785  76977  76978  76981,
 76984  77175  77179  77180  77183

node set 21,
 33927  17479  33764  33810  33881  33999  76589  76590  76592  76593,
 76595  76596  76598  76599  76775  76776,
 76778  76779  76780  76783  76784  76786  76787  76974  76975  76976,
 76979  76980  76982  76983  76985  76986,
 77173  77174  77176  77177  77178  77181  77182  77184  77185

node set 22,
 33930  17494  33767  33813  33884  34002  76602  76605  76608  76790,
 76794  76795  76798  76990  76991  76994,
 76997  77188  77192  77193  77196

node set 23,
 33929  17478  33766  33812  33883  34001  76600  76601  76603  76604,
 76606  76607  76609  76610  76788  76789,
 76791  76792  76793  76796  76797  76799  76800  76987  76988  76989,
 76992  76993  76995  76996  76998  76999,
 77186  77187  77189  77190  77191  77194  77195  77197  77198

node set 24,
 33932  17493  33769  33815  33886  34004  76613  76616  76619  76803,
 76807  76808  76811  77003  77004  77007,
 77010  77201  77205  77206  77209

node set 25,
 33931  17477  33768  33814  33885  34003  76611  76612  76614  76615,
 76617  76618  76620  76621  76801  76802,
 76804  76805  76806  76809  76810  76812  76813  77000  77001  77002,
 77005  77006  77008  77009  77011  77012,
 77199  77200  77202  77203  77204  77207  77208  77210  77211

node set 26,
 33934  17492  33771  33817  33888  34006  76624  76627  76630  76816,
 76820  76821  76824  77016  77017  77020,
 77023  77214  77218  77219  77222

node set 27,
 33933  17476  33770  33816  33887  34005  76622  76623  76625  76626,
 76628  76629  76631  76632  76814  76815,
 76817  76818  76819  76822  76823  76825  76826  77013  77014  77015,
 77018  77019  77021  77022  77024  77025,
 77212  77213  77215  77216  77217  77220  77221  77223  77224

node set 28,
 33936  17491  33773  33819  33890  34008  76635  76638  76641  76829,
 76833  76834  76837  77029  77030  77033,
 77036  77227  77231  77232  77235

node set 29,
 33935  17475  33772  33818  33889  34007  76633  76634  76636  76637,
 76639  76640  76642  76643  76827  76828,
 76830  76831  76832  76835  76836  76838  76839  77026  77027  77028,
 77031  77032  77034  77035  77037  77038,
 77225  77226  77228  77229  77230  77233  77234  77236  77237

node set 30,
 33938  17490  33775  33821  33892  34010  76646  76649  76652  76842,
 76846  76847  76850  77042  77043  77046,
 77049  77240  77244  77245  77248

node set 31,
 33937  17474  33774  33820  33891  34009  76644  76645  76647  76648,
 76650  76651  76653  76654  76840  76841,
 76843  76844  76845  76848  76849  76851  76852  77039  77040  77041,
 77044  77045  77047  77048  77050  77051,
 77238  77239  77241  77242  77243  77246  77247  77249  77250

node set 32,
 33939  17489  33776  33822  33893  34011  76655  76656  76657  76853,
 76854  76855  76856  77052  77053  77054,
 77055  77251  77252  77253  77254

node set 33,
 17513  15903  17472  17505  17511  17517  33827  33828  33829  33830,
 33831  33832  33833  33834  33944  33945,
 33946  33947  33948  33949  33950  33951  33952  34016  34017  34018,
 34019  34020  34021  34022  34023  34024,
 34042  34043  34044  34045  34046  34047  34048  34049  34050
  front node sets  1-3  q3disop verify
  q-values automatic rings 25-35
  function type a
  print totals
    print J
    output packets j 
  compute domain integral
c
