c
domain J_avg
  normal plane nx 0 ny 0 nz 1.0
  symmetric
c  
c     Node sets for the initial radius blunt crack
c     crack nodes from   1 to  16
c  
  node set    1     1     25    24    23    22    21    20    19    18,
              17    16    15    14    13    12    11    10     9     8,
               7     6     5     4     3     2 
  node set    2    51     75    74    73    72    71    70    69    68,
              67    66    65    64    63    62    61    60    59    58,
              57    56    55    54    53    52 
  node set    3   101    125   124   123   122   121   120   119   118,
             117   116   115   114   113   112   111   110   109   108,
             107   106   105   104   103   102 
  node set    4   151    175   174   173   172   171   170   169   168,
             167   166   165   164   163   162   161   160   159   158,
             157   156   155   154   153   152 
  node set    5   201    225   224   223   222   221   220   219   218,
             217   216   215   214   213   212   211   210   209   208,
             207   206   205   204   203   202 
  node set    6   251    275   274   273   272   271   270   269   268,
             267   266   265   264   263   262   261   260   259   258,
             257   256   255   254   253   252 
  node set    7   301    325   324   323   322   321   320   319   318,
             317   316   315   314   313   312   311   310   309   308,
             307   306   305   304   303   302 
  node set    8   351    375   374   373   372   371   370   369   368,
             367   366   365   364   363   362   361   360   359   358,
             357   356   355   354   353   352 
  node set    9   401    425   424   423   422   421   420   419   418,
             417   416   415   414   413   412   411   410   409   408,
             407   406   405   404   403   402 
  node set   10   451    475   474   473   472   471   470   469   468,
             467   466   465   464   463   462   461   460   459   458,
             457   456   455   454   453   452 
  node set   11   501    525   524   523   522   521   520   519   518,
             517   516   515   514   513   512   511   510   509   508,
             507   506   505   504   503   502 
  node set   12   551    575   574   573   572   571   570   569   568,
             567   566   565   564   563   562   561   560   559   558,
             557   556   555   554   553   552 
  node set   13   601    625   624   623   622   621   620   619   618,
             617   616   615   614   613   612   611   610   609   608,
             607   606   605   604   603   602 
  node set   14   651    675   674   673   672   671   670   669   668,
             667   666   665   664   663   662   661   660   659   658,
             657   656   655   654   653   652 
  node set   15   701    725   724   723   722   721   720   719   718,
             717   716   715   714   713   712   711   710   709   708,
             707   706   705   704   703   702 
  node set   16   751    775   774   773   772   771   770   769   768,
             767   766   765   764   763   762   761   760   759   758,
             757   756   755   754   753   752 
  front node sets 1-16  l3disop verify
  q-values automatic rings    10-15
  function type d
  print totals
  compute domain integral
