c 
domain j_12
  normal plane nx 0 ny 0 nz 1
  symmetric
c  
c     Node sets for the initial radius blunt crack
c     crack nodes from   1 to  31
c  
  node set    1     1     25 14611    24 14541    23 14471    22 14401,
              21 14331    20 14261    19 14191    18 14121    17 14051,
              16 13981    15 13911    14 13841    13 13771    12 13701,
              11 13631    10 13561     9 13491     8 13421     7 13351,
               6 13281     5 13211     4 13141     3 13071     2 12960 
  node set    2 12968  14615 14545 14475 14405 14335 14265 14195 14125,
           14055 13985 13915 13845 13775 13705 13635 13565 13495 13425,
           13355 13285 13215 13145 13075 12965 
  node set    3    51     75 14614    74 14544    73 14474    72 14404,
              71 14334    70 14264    69 14194    68 14124    67 14054,
              66 13984    65 13914    64 13844    63 13774    62 13704,
              61 13634    60 13564    59 13494    58 13424    57 13354,
              56 13284    55 13214    54 13144    53 13074    52 12964 
  node set    4 14686  15676 15634 15592 15550 15508 15466 15424 15382,
           15340 15298 15256 15214 15172 15130 15088 15046 15004 14962,
           14920 14878 14836 14794 14752 14683 
  node set    5   101    125 15675   124 15633   123 15591   122 15549,
             121 15507   120 15465   119 15423   118 15381   117 15339,
             116 15297   115 15255   114 15213   113 15171   112 15129,
             111 15087   110 15045   109 15003   108 14961   107 14919,
             106 14877   105 14835   104 14793   103 14751   102 14682 
  node set    6 15722  16712 16670 16628 16586 16544 16502 16460 16418,
           16376 16334 16292 16250 16208 16166 16124 16082 16040 15998,
           15956 15914 15872 15830 15788 15719 
  node set    7   151    175 16711   174 16669   173 16627   172 16585,
             171 16543   170 16501   169 16459   168 16417   167 16375,
             166 16333   165 16291   164 16249   163 16207   162 16165,
             161 16123   160 16081   159 16039   158 15997   157 15955,
             156 15913   155 15871   154 15829   153 15787   152 15718 
  node set    8 16758  17748 17706 17664 17622 17580 17538 17496 17454,
           17412 17370 17328 17286 17244 17202 17160 17118 17076 17034,
           16992 16950 16908 16866 16824 16755 
  node set    9   201    225 17747   224 17705   223 17663   222 17621,
             221 17579   220 17537   219 17495   218 17453   217 17411,
             216 17369   215 17327   214 17285   213 17243   212 17201,
             211 17159   210 17117   209 17075   208 17033   207 16991,
             206 16949   205 16907   204 16865   203 16823   202 16754 
  node set   10 17794  18784 18742 18700 18658 18616 18574 18532 18490,
           18448 18406 18364 18322 18280 18238 18196 18154 18112 18070,
           18028 17986 17944 17902 17860 17791 
  node set   11   251    275 18783   274 18741   273 18699   272 18657,
             271 18615   270 18573   269 18531   268 18489   267 18447,
             266 18405   265 18363   264 18321   263 18279   262 18237,
             261 18195   260 18153   259 18111   258 18069   257 18027,
             256 17985   255 17943   254 17901   253 17859   252 17790 
  node set   12 18830  19820 19778 19736 19694 19652 19610 19568 19526,
           19484 19442 19400 19358 19316 19274 19232 19190 19148 19106,
           19064 19022 18980 18938 18896 18827 
  node set   13   301    325 19819   324 19777   323 19735   322 19693,
             321 19651   320 19609   319 19567   318 19525   317 19483,
             316 19441   315 19399   314 19357   313 19315   312 19273,
             311 19231   310 19189   309 19147   308 19105   307 19063,
             306 19021   305 18979   304 18937   303 18895   302 18826 
  node set   14 19866  20856 20814 20772 20730 20688 20646 20604 20562,
           20520 20478 20436 20394 20352 20310 20268 20226 20184 20142,
           20100 20058 20016 19974 19932 19863 
  node set   15   351    375 20855   374 20813   373 20771   372 20729,
             371 20687   370 20645   369 20603   368 20561   367 20519,
             366 20477   365 20435   364 20393   363 20351   362 20309,
             361 20267   360 20225   359 20183   358 20141   357 20099,
             356 20057   355 20015   354 19973   353 19931   352 19862 
  node set   16 20902  21892 21850 21808 21766 21724 21682 21640 21598,
           21556 21514 21472 21430 21388 21346 21304 21262 21220 21178,
           21136 21094 21052 21010 20968 20899 
  node set   17   401    425 21891   424 21849   423 21807   422 21765,
             421 21723   420 21681   419 21639   418 21597   417 21555,
             416 21513   415 21471   414 21429   413 21387   412 21345,
             411 21303   410 21261   409 21219   408 21177   407 21135,
             406 21093   405 21051   404 21009   403 20967   402 20898 
  node set   18 21938  22928 22886 22844 22802 22760 22718 22676 22634,
           22592 22550 22508 22466 22424 22382 22340 22298 22256 22214,
           22172 22130 22088 22046 22004 21935 
  node set   19   451    475 22927   474 22885   473 22843   472 22801,
             471 22759   470 22717   469 22675   468 22633   467 22591,
             466 22549   465 22507   464 22465   463 22423   462 22381,
             461 22339   460 22297   459 22255   458 22213   457 22171,
             456 22129   455 22087   454 22045   453 22003   452 21934 
  node set   20 22974  23964 23922 23880 23838 23796 23754 23712 23670,
           23628 23586 23544 23502 23460 23418 23376 23334 23292 23250,
           23208 23166 23124 23082 23040 22971 
  node set   21   501    525 23963   524 23921   523 23879   522 23837,
             521 23795   520 23753   519 23711   518 23669   517 23627,
             516 23585   515 23543   514 23501   513 23459   512 23417,
             511 23375   510 23333   509 23291   508 23249   507 23207,
             506 23165   505 23123   504 23081   503 23039   502 22970 
  node set   22 24010  25000 24958 24916 24874 24832 24790 24748 24706,
           24664 24622 24580 24538 24496 24454 24412 24370 24328 24286,
           24244 24202 24160 24118 24076 24007 
  node set   23   551    575 24999   574 24957   573 24915   572 24873,
             571 24831   570 24789   569 24747   568 24705   567 24663,
             566 24621   565 24579   564 24537   563 24495   562 24453,
             561 24411   560 24369   559 24327   558 24285   557 24243,
             556 24201   555 24159   554 24117   553 24075   552 24006 
  node set   24 25046  26036 25994 25952 25910 25868 25826 25784 25742,
           25700 25658 25616 25574 25532 25490 25448 25406 25364 25322,
           25280 25238 25196 25154 25112 25043 
  node set   25   601    625 26035   624 25993   623 25951   622 25909,
             621 25867   620 25825   619 25783   618 25741   617 25699,
             616 25657   615 25615   614 25573   613 25531   612 25489,
             611 25447   610 25405   609 25363   608 25321   607 25279,
             606 25237   605 25195   604 25153   603 25111   602 25042 
  node set   26 26082  27072 27030 26988 26946 26904 26862 26820 26778,
           26736 26694 26652 26610 26568 26526 26484 26442 26400 26358,
           26316 26274 26232 26190 26148 26079 
  node set   27   651    675 27071   674 27029   673 26987   672 26945,
             671 26903   670 26861   669 26819   668 26777   667 26735,
             666 26693   665 26651   664 26609   663 26567   662 26525,
             661 26483   660 26441   659 26399   658 26357   657 26315,
             656 26273   655 26231   654 26189   653 26147   652 26078 
  node set   28 27118  28108 28066 28024 27982 27940 27898 27856 27814,
           27772 27730 27688 27646 27604 27562 27520 27478 27436 27394,
           27352 27310 27268 27226 27184 27115 
  node set   29   701    725 28107   724 28065   723 28023   722 27981,
             721 27939   720 27897   719 27855   718 27813   717 27771,
             716 27729   715 27687   714 27645   713 27603   712 27561,
             711 27519   710 27477   709 27435   708 27393   707 27351,
             706 27309   705 27267   704 27225   703 27183   702 27114 
  node set   30 28154  29144 29102 29060 29018 28976 28934 28892 28850,
           28808 28766 28724 28682 28640 28598 28556 28514 28472 28430,
           28388 28346 28304 28262 28220 28151 
  node set   31   751    775 29143   774 29101   773 29059   772 29017,
             771 28975   770 28933   769 28891   768 28849   767 28807,
             766 28765   765 28723   764 28681   763 28639   762 28597,
             761 28555   760 28513   759 28471   758 28429   757 28387,
             756 28345   755 28303   754 28261   753 28219   752 28150 
  front node sets  21-25 q3disop verify
  q-values automatic rings 20-24
  function type b
  print totals
  compute domain integral
c
