c
domain dnr_043
 symmetric
 normal plane nx 0  ny -1.0  nz 0.0
 front nodes   2406   2591   2776 linear verify
 function type b
 ignore crack face loading
 q-values     2591   2592   2593   2594   2595   2596   2597   2598,
              2599   2600   2601   2602   2603   2604   2605   2606,
              2607   2608   2609   2610   2611   2612   2613   2614,
              2615   2616   2617   2618   2619   2620   2621   2622,
              2623   2624   2625   2626   2627   2628   2629   2630,
              2631   2632   2633   2634   2635   2636   2637   2638,
              2639   2640   2641   2642   2643   2644   2645   2646,
              2647   2648   2649   2650   2651   2652   2653   2654,
              2655   2656   2657   2658   2659   2660   2661   2662,
              2663   2664   2665   2666   2667   2668   2669   2670,
              2671   2672   2673   2674   2675   2676   2677   2678,
              2679   2680   2681   2682   2683   2684   2685   2686,
              2687   2688   2689   2690   2691   2692   2693   2694,
              2695   2696   2697   2698   2699   2700   2701   2702,
              2703   2704   2705   2706   2707   2708   2709   2710,
              2711   2712   2713   2714   2715   2716   2717   2718,
              2719   2720   2721   2722   2723   2724   2725   2726,
              2727   2728   2729   2730   2731   2732   2733   2734,
              2735   2736   2737   2738   2739   2740   2741   2742,
              2743   2744   2745   2746   2747   2748   2749   2750,
              2751   2752   2753   2754   2755   2756   2757   2758,
              2759   2760   2761   2762   2763   2764   2765   2766,
              2767   2768   2769   2770   2771   2772   2773   2774,
              2775   8198   8199   8200   8201   8202   8203   8204,
              8205   8206   8207   8208   8209   8210   8211   8212,
              8213   8214   8215   8216   8217   8218   8219   8220,
              8221   8222   8223   8224   8225   8226   8227   8228,
              8229   8230   8231   8232   8233   8234   8235   8236,
              8237   8238   8239   8240   8241   8242   8243   8244,
              8245   8246   8247   8248   8249   8250   8251   8252,
              8253   8254   8255   8256   8257   8258   8259   8260,
              8261   8262   8263   8264   8265   8266   8267   8268,
              8269   8270   8271   8272   8273   8274   8275   8276,
              8277   8278   8279   8280   8281   8282   8283   8284,
              8285   8286   8287   8288   8289   8290   8291   8292,
              8293   8294   8295   8296   8297   8298   8299   8300,
              8301   8302   8303   8304   8305   8306   8307   8308,
              8309   8310   8311   8312   8313   8314   8315   8316,
              8317   8318   8319   8320   8321   8322   8323   8324,
              8325   8326   8327   8328   8329   8330   8331   8332,
              8333   8334   8335   8336   8337   8338   8339   8340,
              8341   8342   8343   8344   8345   8346   8347   8348,
              8349   8350 1.000
 elements     377   505   378   506   379   507   380   508   381   509,
              382   510   383   511   384   512   769   897   770   898,
              771   899   772   900   773   901   774   902   775   903,
              776   904   777   905   778   906   779   907   780   908,
              525   653   526   654   527   655   528   656   529   657,
              530   658   531   659   532   660   533   661   534   662,
              535   663   536   664   537   665   538   666   539   667,
              540   668   541   669   542   670   543   671   544   672,
             2460  2573  2461  2574  2462  2575  2463  2576  2697  2577,
             2464  2578  2465  2579  2466  2580  2467  2581  2468  2582,
             2469  2583  2470  2584  2471  2585  2472  2341  2586  2342,
             2587  2343  2588  2344  2589  2345  2590  2346  2591  2347,
             3056  2348  2473  2698  2935  3057  2474  2936  3058  2592,
             2699  2821  2475  2700  2822  2593  2937  3059  3175  2938,
             3060  2476  2939  3061  2594  2940  3062  2477  2941  3063,
             2595  2942  3064  2478  2943  3065  2596  2944  3066  2479,
             2945  3067  2597  3176  3068  2349  3177  3069  2598  2946,
             3070  2350  2947  3071  2599  2948  3072  2351  2949  3073,
             2600  3178  2701  2352  3179  3298  2601  2823  2234  2353,
             2235  2354  2236  2355  2237  2356  2238  2357  2239  2358,
             2240  2359  2241  2360  2242  2361  2243  2362  2244  2363,
             2245  2364  2246  2365  2247  2702  2248  2480  2249  2481,
             2250  2482  2251  2483  2252  2484  2253  2485  2254  2602,
             2255  2824  2703  2825  2256  2704  2826  2366  2950  3074,
             2257  2951  3075  2367  2486  2827  2258  2705  2828  2368,
             2706  2829  2259  2707  2830  2369  2708  2831  2260  2709,
             2832  2370  2710  2833  2261  2711  2834  2371  2712  2835,
             2262  2952  2836  2487  2953  2713  2263  2837  2714  2488,
             2838  2715  2264  2839  2716  2489  2840  2717  2265  2841,
             2954  2490  2842  2718  2266  2955  6350  6470  6351  6471,
             6352  6472  6353  6473  6354  6474  6582  6475  6355  6476,
             6583  6477  6584  6478  6695  6240  6356  6479  6357  6925,
             6358  6807  6480  6585  6586  6696  6587  6697  6588  6698,
             6589  6699  6590  6700  6808  6701  6591  6702  6926  6703,
             7277  6809  6927  6810  6704  6928  7278  7398  7279  7048,
             7280  6811  6812  7281  6813  6359  6814  7163  6815  6360,
             6816  6361  7399  6362  7282  6481  6592  6482  6593  6483,
             7400  6484  6363  6485  6364  6486  6929  6487  7401  6488,
             6594  6705  6595  7049  6596  7050  7283  6706  7402  6489,
             7525  6597  7403  7526  6707  7284  6708  7051  6930  6817,
             6931  6709  7285  7404  7164  7286  6932  7287  6365  6818,
             6366  6490  6367  6819  6368  6491  6820  7288  7651  6492,
             7289  6493  6598  6494  6599  6495  7405  6496  7052  7406,
             7777  6821  7527  7652  6710  7053  6600  6711  6601  7528,
             6602  6712  7653  6713  6822  6714  6933  6603  7778  6934,
             7529  7654  7779  7655  6823  7780  6824  7290  7054  7781,
             7905  6715  7906  6604  6829  6941  6830  6942  6831  6943,
             6832  6944  6833  6945  7058  6946  6834  7059  6835  7060,
             6947  7061  6606  7062  6607  6836  6608  6719  6609  6720,
             6948  6721  7063  7170  7064  7171  7065  7295  7066  7172,
             7067  7173  7296  7174  7409  7175  7297  7176  7410  7177,
             7298  7178  7299  7068  7179  6837  7180  7530  7181  7069,
             6949  7411  6950  7300  6951  7412  6952  7531  6953  7656,
             6954  7070  6838  7071  6839  7072  6955  7532  6610  7073,
             6611  6840  6612  6722  6613  6723  6614  6724  7074  7182,
             7533  6725  7534  6726  6615  7075  6616  6727  6841  6728,
             6956  7183  6957  7184  6842  7185  6729  7186  7301  7187,
             6958  7076  7782  6843  7188  6844  6959  7302  6960  6845,
             6961  7189  6962  7190  6963  7077  6964  7078  6846  7079,
             7413  7080  6965  7303  6617  7535  6618  6847  7536  6730,
             6966  7081  7414  6619  7082  7191  7083  6731  7415  7192,
             6967  7193  7537  7194  7304  7084  7195  6848  7416  7907,
             7305  7908  8033  7538  7909  7783  7657  8034  7658  8035,
             7306  7539
 print totals
 compute domain integral
c
domain dnr_044
 symmetric
 normal plane nx 0  ny -1.0  nz 0.0
 front nodes   2406   2591   2776 linear verify
 function type b
 ignore crack face loading
 q-values     2591   2592   2593   2594   2595   2596   2597   2598,
              2599   2600   2601   2602   2603   2604   2605   2606,
              2607   2608   2609   2610   2611   2612   2613   2614,
              2615   2616   2617   2618   2619   2620   2621   2622,
              2623   2624   2625   2626   2627   2628   2629   2630,
              2631   2632   2633   2634   2635   2636   2637   2638,
              2639   2640   2641   2642   2643   2644   2645   2646,
              2647   2648   2649   2650   2651   2652   2653   2654,
              2655   2656   2657   2658   2659   2660   2661   2662,
              2663   2664   2665   2666   2667   2668   2669   2670,
              2671   2672   2673   2674   2675   2676   2677   2678,
              2679   2680   2681   2682   2683   2684   2685   2686,
              2687   2688   2689   2690   2691   2692   2693   2694,
              2695   2696   2697   2698   2699   2700   2701   2702,
              2703   2704   2705   2706   2707   2708   2709   2710,
              2711   2712   2713   2714   2715   2716   2717   2718,
              2719   2720   2721   2722   2723   2724   2725   2726,
              2727   2728   2729   2730   2731   2732   2733   2734,
              2735   2736   2737   2738   2739   2740   2741   2742,
              2743   2744   2745   2746   2747   2748   2749   2750,
              2751   2752   2753   2754   2755   2756   2757   2758,
              2759   2760   2761   2762   2763   2764   2765   2766,
              2767   2768   2769   2770   2771   2772   2773   2774,
              2775   8198   8199   8200   8201   8202   8203   8204,
              8205   8206   8207   8208   8209   8210   8211   8212,
              8213   8214   8215   8216   8217   8218   8219   8220,
              8221   8222   8223   8224   8225   8226   8227   8228,
              8229   8230   8231   8232   8233   8234   8235   8236,
              8237   8238   8239   8240   8241   8242   8243   8244,
              8245   8246   8247   8248   8249   8250   8251   8252,
              8253   8254   8255   8256   8257   8258   8259   8260,
              8261   8262   8263   8264   8265   8266   8267   8268,
              8269   8270   8271   8272   8273   8274   8275   8276,
              8277   8278   8279   8280   8281   8282   8283   8284,
              8285   8286   8287   8288   8289   8290   8291   8292,
              8293   8294   8295   8296   8297   8298   8299   8300,
              8301   8302   8303   8304   8305   8306   8307   8308,
              8309   8310   8311   8312   8313   8314   8315   8316,
              8317   8318   8319   8320   8321   8322   8323   8324,
              8325   8326   8327   8328   8329   8330   8331   8332,
              8333   8334   8335   8336   8337   8338   8339   8340,
              8341   8342   8343   8344   8345   8346   8347   8348,
              8349   8350   8351   8352   8353   8354   8355   8356,
              8357   8358   8359   8360   8361   8362   8363   8364,
              8365 1.000
 elements     377   505   378   506   379   507   380   508   381   509,
              382   510   383   511   384   512   769   897   770   898,
              771   899   772   900   773   901   774   902   775   903,
              776   904   777   905   778   906   779   907   780   908,
              525   653   526   654   527   655   528   656   529   657,
              530   658   531   659   532   660   533   661   534   662,
              535   663   536   664   537   665   538   666   539   667,
              540   668   541   669   542   670   543   671   544   672,
             2460  2573  2461  2574  2462  2575  2463  2576  2697  2577,
             2464  2578  2465  2579  2466  2580  2467  2581  2468  2582,
             2469  2583  2470  2584  2471  2585  2472  2341  2586  2342,
             2587  2343  2588  2344  2589  2345  2590  2346  2591  2347,
             3056  2348  2473  2698  2935  3057  2474  2936  3058  2592,
             2699  2821  2475  2700  2822  2593  2937  3059  3175  2938,
             3060  2476  2939  3061  2594  2940  3062  2477  2941  3063,
             2595  2942  3064  2478  2943  3065  2596  2944  3066  2479,
             2945  3067  2597  3176  3068  2349  3177  3069  2598  2946,
             3070  2350  2947  3071  2599  2948  3072  2351  2949  3073,
             2600  3178  2701  2352  3179  3298  2601  2823  2234  2353,
             2235  2354  2236  2355  2237  2356  2238  2357  2239  2358,
             2240  2359  2241  2360  2242  2361  2243  2362  2244  2363,
             2245  2364  2246  2365  2247  2702  2248  2480  2249  2481,
             2250  2482  2251  2483  2252  2484  2253  2485  2254  2602,
             2255  2824  2703  2825  2256  2704  2826  2366  2950  3074,
             2257  2951  3075  2367  2486  2827  2258  2705  2828  2368,
             2706  2829  2259  2707  2830  2369  2708  2831  2260  2709,
             2832  2370  2710  2833  2261  2711  2834  2371  2712  2835,
             2262  2952  2836  2487  2953  2713  2263  2837  2714  2488,
             2838  2715  2264  2839  2716  2489  2840  2717  2265  2841,
             2954  2490  2842  2718  2266  2955  6350  6470  6351  6471,
             6352  6472  6353  6473  6354  6474  6582  6475  6355  6476,
             6583  6477  6584  6478  6695  6240  6356  6479  6357  6925,
             6358  6807  6480  6585  6586  6696  6587  6697  6588  6698,
             6589  6699  6590  6700  6808  6701  6591  6702  6926  6703,
             7277  6809  6927  6810  6704  6928  7278  7398  7279  7048,
             7280  6811  6812  7281  6813  6359  6814  7163  6815  6360,
             6816  6361  7399  6362  7282  6481  6592  6482  6593  6483,
             7400  6484  6363  6485  6364  6486  6929  6487  7401  6488,
             6594  6705  6595  7049  6596  7050  7283  6706  7402  6489,
             7525  6597  7403  7526  6707  7284  6708  7051  6930  6817,
             6931  6709  7285  7404  7164  7286  6932  7287  6365  6818,
             6366  6490  6367  6819  6368  6491  6820  7288  7651  6492,
             7289  6493  6598  6494  6599  6495  7405  6496  7052  7406,
             7777  6821  7527  7652  6710  7053  6600  6711  6601  7528,
             6602  6712  7653  6713  6822  6714  6933  6603  7778  6934,
             7529  7654  7779  7655  6823  7780  6824  7290  7054  7781,
             7905  6715  7906  6604  6605  6716  6825  6935  7055  6936,
             7056  6717  6937  6718  6938  7165  6939  6826  6829  6941,
             6830  6942  6831  6943  6832  6944  6833  6945  7058  6946,
             6834  7059  6835  7060  6947  7061  6606  7062  6607  6836,
             6608  6719  6609  6720  6948  6721  7063  7170  7064  7171,
             7065  7295  7066  7172  7067  7173  7296  7174  7409  7175,
             7297  7176  7410  7177  7298  7178  7299  7068  7179  6837,
             7180  7530  7181  7069  6949  7411  6950  7300  6951  7412,
             6952  7531  6953  7656  6954  7070  6838  7071  6839  7072,
             6955  7532  6610  7073  6611  6840  6612  6722  6613  6723,
             6614  6724  7074  7182  7533  6725  7534  6726  6615  7075,
             6616  6727  6841  6728  6956  7183  6957  7184  6842  7185,
             6729  7186  7301  7187  6958  7076  7782  6843  7188  6844,
             6959  7302  6960  6845  6961  7189  6962  7190  6963  7077,
             6964  7078  6846  7079  7413  7080  6965  7303  6617  7535,
             6618  6847  7536  6730  6966  7081  7414  6619  7082  7191,
             7083  6731  7415  7192  6967  7193  7537  7194  7304  7084,
             7195  6848  7416  7907  7305  7908  8033  7538  7909  7783,
             7657  8034  7658  8035  7306  7539  6849  7085  6620  6732,
             6621  6733  6622  7196  6623  6850  6624  7086  7417  6734
 print totals
 compute domain integral
c
domain dnr_045
 symmetric
 normal plane nx 0  ny -1.0  nz 0.0
 front nodes   2406   2591   2776 linear verify
 function type b
 ignore crack face loading
 q-values     2591   2592   2593   2594   2595   2596   2597   2598,
              2599   2600   2601   2602   2603   2604   2605   2606,
              2607   2608   2609   2610   2611   2612   2613   2614,
              2615   2616   2617   2618   2619   2620   2621   2622,
              2623   2624   2625   2626   2627   2628   2629   2630,
              2631   2632   2633   2634   2635   2636   2637   2638,
              2639   2640   2641   2642   2643   2644   2645   2646,
              2647   2648   2649   2650   2651   2652   2653   2654,
              2655   2656   2657   2658   2659   2660   2661   2662,
              2663   2664   2665   2666   2667   2668   2669   2670,
              2671   2672   2673   2674   2675   2676   2677   2678,
              2679   2680   2681   2682   2683   2684   2685   2686,
              2687   2688   2689   2690   2691   2692   2693   2694,
              2695   2696   2697   2698   2699   2700   2701   2702,
              2703   2704   2705   2706   2707   2708   2709   2710,
              2711   2712   2713   2714   2715   2716   2717   2718,
              2719   2720   2721   2722   2723   2724   2725   2726,
              2727   2728   2729   2730   2731   2732   2733   2734,
              2735   2736   2737   2738   2739   2740   2741   2742,
              2743   2744   2745   2746   2747   2748   2749   2750,
              2751   2752   2753   2754   2755   2756   2757   2758,
              2759   2760   2761   2762   2763   2764   2765   2766,
              2767   2768   2769   2770   2771   2772   2773   2774,
              2775   8198   8199   8200   8201   8202   8203   8204,
              8205   8206   8207   8208   8209   8210   8211   8212,
              8213   8214   8215   8216   8217   8218   8219   8220,
              8221   8222   8223   8224   8225   8226   8227   8228,
              8229   8230   8231   8232   8233   8234   8235   8236,
              8237   8238   8239   8240   8241   8242   8243   8244,
              8245   8246   8247   8248   8249   8250   8251   8252,
              8253   8254   8255   8256   8257   8258   8259   8260,
              8261   8262   8263   8264   8265   8266   8267   8268,
              8269   8270   8271   8272   8273   8274   8275   8276,
              8277   8278   8279   8280   8281   8282   8283   8284,
              8285   8286   8287   8288   8289   8290   8291   8292,
              8293   8294   8295   8296   8297   8298   8299   8300,
              8301   8302   8303   8304   8305   8306   8307   8308,
              8309   8310   8311   8312   8313   8314   8315   8316,
              8317   8318   8319   8320   8321   8322   8323   8324,
              8325   8326   8327   8328   8329   8330   8331   8332,
              8333   8334   8335   8336   8337   8338   8339   8340,
              8341   8342   8343   8344   8345   8346   8347   8348,
              8349   8350   8351   8352   8353   8354   8355   8356,
              8357   8358   8359   8360   8361   8362   8363   8364,
              8365   8366   8367   8368   8369   8370   8371   8372,
              8373   8374   8375   8376   8377   8378   8379   8380 1.000
 elements     377   505   378   506   379   507   380   508   381   509,
              382   510   383   511   384   512   769   897   770   898,
              771   899   772   900   773   901   774   902   775   903,
              776   904   777   905   778   906   779   907   780   908,
              525   653   526   654   527   655   528   656   529   657,
              530   658   531   659   532   660   533   661   534   662,
              535   663   536   664   537   665   538   666   539   667,
              540   668   541   669   542   670   543   671   544   672,
             2460  2573  2461  2574  2462  2575  2463  2576  2697  2577,
             2464  2578  2465  2579  2466  2580  2467  2581  2468  2582,
             2469  2583  2470  2584  2471  2585  2472  2341  2586  2342,
             2587  2343  2588  2344  2589  2345  2590  2346  2591  2347,
             3056  2348  2473  2698  2935  3057  2474  2936  3058  2592,
             2699  2821  2475  2700  2822  2593  2937  3059  3175  2938,
             3060  2476  2939  3061  2594  2940  3062  2477  2941  3063,
             2595  2942  3064  2478  2943  3065  2596  2944  3066  2479,
             2945  3067  2597  3176  3068  2349  3177  3069  2598  2946,
             3070  2350  2947  3071  2599  2948  3072  2351  2949  3073,
             2600  3178  2701  2352  3179  3298  2601  2823  2234  2353,
             2235  2354  2236  2355  2237  2356  2238  2357  2239  2358,
             2240  2359  2241  2360  2242  2361  2243  2362  2244  2363,
             2245  2364  2246  2365  2247  2702  2248  2480  2249  2481,
             2250  2482  2251  2483  2252  2484  2253  2485  2254  2602,
             2255  2824  2703  2825  2256  2704  2826  2366  2950  3074,
             2257  2951  3075  2367  2486  2827  2258  2705  2828  2368,
             2706  2829  2259  2707  2830  2369  2708  2831  2260  2709,
             2832  2370  2710  2833  2261  2711  2834  2371  2712  2835,
             2262  2952  2836  2487  2953  2713  2263  2837  2714  2488,
             2838  2715  2264  2839  2716  2489  2840  2717  2265  2841,
             2954  2490  2842  2718  2266  2955  6350  6470  6351  6471,
             6352  6472  6353  6473  6354  6474  6582  6475  6355  6476,
             6583  6477  6584  6478  6695  6240  6356  6479  6357  6925,
             6358  6807  6480  6585  6586  6696  6587  6697  6588  6698,
             6589  6699  6590  6700  6808  6701  6591  6702  6926  6703,
             7277  6809  6927  6810  6704  6928  7278  7398  7279  7048,
             7280  6811  6812  7281  6813  6359  6814  7163  6815  6360,
             6816  6361  7399  6362  7282  6481  6592  6482  6593  6483,
             7400  6484  6363  6485  6364  6486  6929  6487  7401  6488,
             6594  6705  6595  7049  6596  7050  7283  6706  7402  6489,
             7525  6597  7403  7526  6707  7284  6708  7051  6930  6817,
             6931  6709  7285  7404  7164  7286  6932  7287  6365  6818,
             6366  6490  6367  6819  6368  6491  6820  7288  7651  6492,
             7289  6493  6598  6494  6599  6495  7405  6496  7052  7406,
             7777  6821  7527  7652  6710  7053  6600  6711  6601  7528,
             6602  6712  7653  6713  6822  6714  6933  6603  7778  6934,
             7529  7654  7779  7655  6823  7780  6824  7290  7054  7781,
             7905  6715  7906  6604  6605  6716  6825  6935  7055  6936,
             7056  6717  6937  6718  6938  7165  6939  6826  6940  7166,
             7407  7167  7291  7408  6827  7292  7057  7168  7293  6828,
             7294  7169  6829  6941  6830  6942  6831  6943  6832  6944,
             6833  6945  7058  6946  6834  7059  6835  7060  6947  7061,
             6606  7062  6607  6836  6608  6719  6609  6720  6948  6721,
             7063  7170  7064  7171  7065  7295  7066  7172  7067  7173,
             7296  7174  7409  7175  7297  7176  7410  7177  7298  7178,
             7299  7068  7179  6837  7180  7530  7181  7069  6949  7411,
             6950  7300  6951  7412  6952  7531  6953  7656  6954  7070,
             6838  7071  6839  7072  6955  7532  6610  7073  6611  6840,
             6612  6722  6613  6723  6614  6724  7074  7182  7533  6725,
             7534  6726  6615  7075  6616  6727  6841  6728  6956  7183,
             6957  7184  6842  7185  6729  7186  7301  7187  6958  7076,
             7782  6843  7188  6844  6959  7302  6960  6845  6961  7189,
             6962  7190  6963  7077  6964  7078  6846  7079  7413  7080,
             6965  7303  6617  7535  6618  6847  7536  6730  6966  7081,
             7414  6619  7082  7191  7083  6731  7415  7192  6967  7193,
             7537  7194  7304  7084  7195  6848  7416  7907  7305  7908,
             8033  7538  7909  7783  7657  8034  7658  8035  7306  7539,
             6849  7085  6620  6732  6621  6733  6622  7196  6623  6850,
             6624  7086  7417  6734  7307  7540  7308  7541  6851  7197,
             7542  7418  7543  7419  7544  6735  7545  7659
 print totals
 compute domain integral
