c
domain dnr_070
 symmetric
 normal plane nx 0  ny -1.0  nz 0.0
 front nodes   4071   4256   4441 linear verify
 function type b
 ignore crack face loading
 q-values     4256   4257   4258   4259   4260   4261   4262   4263,
              4264   4265   4266   4267   4268   4269   4270   4271,
              4272   4273   4274   4275   4276   4277   4278   4279,
              4280   4281   4282   4283   4284   4285   4286   4287,
              4288   4289   4290   4291   4292   4293   4294   4295,
              4296   4297   4298   4299   4300   4301   4302   4303,
              4304   4305   4306   4307   4308   4309   4310   4311,
              4312   4313   4314   4315   4316   4317   4318   4319,
              4320   4321   4322   4323   4324   4325   4326   4327,
              4328   4329   4330   4331   4332   4333   4334   4335,
              4336   4337   4338   4339   4340   4341   4342   4343,
              4344   4345   4346   4347   4348   4349   4350   4351,
              4352   4353   4354   4355   4356   4357   4358   4359,
              4360   4361   4362   4363   4364   4365   4366   4367,
              4368   4369   4370   4371   4372   4373   4374   4375,
              4376   4377   4378   4379   4380   4381   4382   4383,
              4384   4385   4386   4387   4388   4389   4390   4391,
              4392   4393   4394   4395   4396   4397   4398   4399,
              4400   4401   4402   4403   4404   4405   4406   4407,
              4408   4409   4410   4411   4412   4413   4414   4415,
              4416   4417   4418   4419   4420   4421   4422   4423,
              4424   4425   4426   4427   4428   4429   4430   4431,
              4432   4433   4434   4435   4436   4437   4438   4439,
              4440  10010  10011  10012  10013  10014  10015  10016,
             10017  10018  10019  10020  10021  10022  10023  10024,
             10025  10026  10027  10028  10029  10030  10031  10032,
             10033  10034  10035  10036  10037  10038  10039  10040,
             10041  10042  10043  10044  10045  10046  10047  10048,
             10049  10050  10051  10052  10053  10054  10055  10056,
             10057  10058  10059  10060  10061  10062  10063  10064,
             10065  10066  10067  10068  10069  10070  10071  10072,
             10073  10074  10075  10076  10077  10078  10079  10080,
             10081  10082  10083  10084  10085  10086  10087  10088,
             10089  10090  10091  10092  10093  10094  10095  10096,
             10097  10098  10099  10100  10101  10102  10103  10104,
             10105  10106  10107  10108  10109  10110  10111  10112,
             10113  10114  10115  10116  10117  10118  10119  10120,
             10121  10122  10123  10124  10125  10126  10127  10128,
             10129  10130  10131  10132  10133  10134  10135  10136,
             10137  10138  10139  10140  10141  10142  10143  10144,
             10145  10146  10147  10148  10149  10150  10151  10152,
             10153  10154  10155  10156  10157  10158  10159  10160,
             10161  10162 1.000
 elements     605   733   606   734   607   735   608   736   609   737,
              610   738   611   739   612   740   613   741   614   742,
              615   743   616   744   617   745   618   746   619   747,
              620   748   621   749   622   750   623   751   624   752,
              861   989   862   990   863   991   864   992   865   993,
              866   994   867   995   868   996   869   997   870   998,
              871   999   872  1000   873  1001   874  1002   875  1003,
              876  1004   877  1005   878  1006   879  1007   880  1008,
             3255  3477  3256  3478  3360  3479  3361  3480  3257  3362,
             3258  3828  3259  3481  3260  3710  3261  3363  3262  3364,
             3263  3365  3264  3366  3265  3367  3829  3368  3830  3482,
             3266  3601  3267  3602  3268  3603  3269  3604  3369  3711,
             3370  3483  3270  3712  3713  3831  3271  3714  3832  3484,
             4198  4076  3272  4199  3952  3371  4200  3833  3273  3953,
             4077  3485  3954  3834  3274  3955  3835  3715  3956  3716,
             3275  3836  3717  3372  3837  3718  3276  3838  4201  3373,
             3839  3957  3277  4078  3958  3374  4079  4202  3278  4080,
             3719  3605  3840  3720  3279  3841  3721  4203  3842  3722,
             3280  3843  3959  4321  3844  3723  3281  3845  3375  3606,
             3376  3607  3282  3608  3283  3609  3724  3486  3610  3377,
             3611  3378  3612  3379  3487  3613  3488  3614  3489  3615,
             3490  3616  3491  3617  3284  3492  3285  3380  3846  3381,
             3493  3382  3494  3383  3495  3960  3286  3496  3287  3618,
             3384  3847  3961  4081  3385  3962  4082  3619  3725  3848,
             3963  3726  3849  3497  4083  4322  3620  3727  4204  3386,
             3728  4084  3621  4205  4085  3387  4206  4086  3498  3964,
             4087  3622  3965  4088  3499  3966  3729  3623  4089  3730,
             3500  4207  3624  3850  3731  3967  3501  4323  3968  3388,
             4090  3969  3502  4091  3970  3389  4092  4208  3503  4093,
             3625  3390  4094  3971  3504  4095  8147  8261  8148  8262,
             8149  8263  8150  8264  8151  8265  8152  8266  8153  8267,
             8375  8492  8376  8154  8377  8155  8716  8842  8717  8378,
             8718  8268  8379  8269  8604  9191  8380  9075  8381  9076,
             8382  8493  8383  9077  8384  8494  8385  8495  8605  8719,
             8606  8496  8607  8497  8956  9078  8957  8843  9192  9319,
             8720  8958  8270  9320  8498  9193  8959  8156  8271  8157,
             9194  8158  8272  9195  9079  9196  9080  8386  8159  8721,
             9197  8844  8160  8722  9198  8723  9443  8273  8499  9081,
             8387  8608  8388  8724  8389  8609  8390  8725  9321  8500,
             8610  8501  8611  8502  8726  8503  8845  8612  8960  8613,
             8504  8614  8505  8615  8506  8616  8727  8617  8274  8507,
             8961  9082  8962  8728  8275  9199  9444  8729  9200  8846,
             9083  9201  9084  8391  8730  9202  8847  8276  8848  8731,
             9203  8277  8732  8278  8508  8849  8618  8733  8392  9570,
             8619  8509  8620  8510  8279  8963  8621  9445  8622  8734,
             8850  9571  8851  9204  9697  9085  8735  8852  9086  9446,
             8280  9572  8964  9087  8398  8512  8624  8513  8625  8514,
             8626  8740  8627  8515  8628  8741  8629  8742  8859  8284,
             8860  8285  8743  8286  8399  8287  8516  8288  8517  8630,
             8518  8631  8744  8861  8745  8862  8746  8863  8967  8864,
             8968  8747  8865  8969  8866  8970  9323  8971  9091  8972,
             9092  9324  8632  9325  8633  9093  8973  8867  9207  8868,
             8519  8974  9447  8634  8520  9208  9326  8635  9448  9573,
             9327  8748  9328  9449  8869  9209  9329  8400  9450  8401,
             9210  8402  9451  8403  9574  8404  9452  8405  8749  8870,
             9575  8871  9330  8872  8521  8873  8406  8874  8407  8975,
             8408  8976  8636  8977  9094  8522  9095  8750  8978  9096,
             8875  8979  8876  8980  9211  8981  8982  9097  9212  8523,
             9213  9098  8983  9099  8984  9576  9331  8751  9332  9453,
             9333  9214  9334  8409  9335  8410  9215  8411  9336  8412,
             9100  8413  9337  8414  8415  9338  8637  8524  8416  8985,
             9577  8986  8638  8525  9101  8526  8877  9216  9454  9698,
             9455  9339  8878  9456  9699  9825  9578  9700  9826  9701,
             9827  9457
 print totals
 compute domain integral
c
domain dnr_071
 symmetric
 normal plane nx 0  ny -1.0  nz 0.0
 front nodes   4071   4256   4441 linear verify
 function type b
 ignore crack face loading
 q-values     4256   4257   4258   4259   4260   4261   4262   4263,
              4264   4265   4266   4267   4268   4269   4270   4271,
              4272   4273   4274   4275   4276   4277   4278   4279,
              4280   4281   4282   4283   4284   4285   4286   4287,
              4288   4289   4290   4291   4292   4293   4294   4295,
              4296   4297   4298   4299   4300   4301   4302   4303,
              4304   4305   4306   4307   4308   4309   4310   4311,
              4312   4313   4314   4315   4316   4317   4318   4319,
              4320   4321   4322   4323   4324   4325   4326   4327,
              4328   4329   4330   4331   4332   4333   4334   4335,
              4336   4337   4338   4339   4340   4341   4342   4343,
              4344   4345   4346   4347   4348   4349   4350   4351,
              4352   4353   4354   4355   4356   4357   4358   4359,
              4360   4361   4362   4363   4364   4365   4366   4367,
              4368   4369   4370   4371   4372   4373   4374   4375,
              4376   4377   4378   4379   4380   4381   4382   4383,
              4384   4385   4386   4387   4388   4389   4390   4391,
              4392   4393   4394   4395   4396   4397   4398   4399,
              4400   4401   4402   4403   4404   4405   4406   4407,
              4408   4409   4410   4411   4412   4413   4414   4415,
              4416   4417   4418   4419   4420   4421   4422   4423,
              4424   4425   4426   4427   4428   4429   4430   4431,
              4432   4433   4434   4435   4436   4437   4438   4439,
              4440  10010  10011  10012  10013  10014  10015  10016,
             10017  10018  10019  10020  10021  10022  10023  10024,
             10025  10026  10027  10028  10029  10030  10031  10032,
             10033  10034  10035  10036  10037  10038  10039  10040,
             10041  10042  10043  10044  10045  10046  10047  10048,
             10049  10050  10051  10052  10053  10054  10055  10056,
             10057  10058  10059  10060  10061  10062  10063  10064,
             10065  10066  10067  10068  10069  10070  10071  10072,
             10073  10074  10075  10076  10077  10078  10079  10080,
             10081  10082  10083  10084  10085  10086  10087  10088,
             10089  10090  10091  10092  10093  10094  10095  10096,
             10097  10098  10099  10100  10101  10102  10103  10104,
             10105  10106  10107  10108  10109  10110  10111  10112,
             10113  10114  10115  10116  10117  10118  10119  10120,
             10121  10122  10123  10124  10125  10126  10127  10128,
             10129  10130  10131  10132  10133  10134  10135  10136,
             10137  10138  10139  10140  10141  10142  10143  10144,
             10145  10146  10147  10148  10149  10150  10151  10152,
             10153  10154  10155  10156  10157  10158  10159  10160,
             10161  10162  10163  10164  10165  10166  10167  10168,
             10169  10170  10171  10172  10173  10174  10175  10176,
             10177 1.000
 elements     605   733   606   734   607   735   608   736   609   737,
              610   738   611   739   612   740   613   741   614   742,
              615   743   616   744   617   745   618   746   619   747,
              620   748   621   749   622   750   623   751   624   752,
              861   989   862   990   863   991   864   992   865   993,
              866   994   867   995   868   996   869   997   870   998,
              871   999   872  1000   873  1001   874  1002   875  1003,
              876  1004   877  1005   878  1006   879  1007   880  1008,
             3255  3477  3256  3478  3360  3479  3361  3480  3257  3362,
             3258  3828  3259  3481  3260  3710  3261  3363  3262  3364,
             3263  3365  3264  3366  3265  3367  3829  3368  3830  3482,
             3266  3601  3267  3602  3268  3603  3269  3604  3369  3711,
             3370  3483  3270  3712  3713  3831  3271  3714  3832  3484,
             4198  4076  3272  4199  3952  3371  4200  3833  3273  3953,
             4077  3485  3954  3834  3274  3955  3835  3715  3956  3716,
             3275  3836  3717  3372  3837  3718  3276  3838  4201  3373,
             3839  3957  3277  4078  3958  3374  4079  4202  3278  4080,
             3719  3605  3840  3720  3279  3841  3721  4203  3842  3722,
             3280  3843  3959  4321  3844  3723  3281  3845  3375  3606,
             3376  3607  3282  3608  3283  3609  3724  3486  3610  3377,
             3611  3378  3612  3379  3487  3613  3488  3614  3489  3615,
             3490  3616  3491  3617  3284  3492  3285  3380  3846  3381,
             3493  3382  3494  3383  3495  3960  3286  3496  3287  3618,
             3384  3847  3961  4081  3385  3962  4082  3619  3725  3848,
             3963  3726  3849  3497  4083  4322  3620  3727  4204  3386,
             3728  4084  3621  4205  4085  3387  4206  4086  3498  3964,
             4087  3622  3965  4088  3499  3966  3729  3623  4089  3730,
             3500  4207  3624  3850  3731  3967  3501  4323  3968  3388,
             4090  3969  3502  4091  3970  3389  4092  4208  3503  4093,
             3625  3390  4094  3971  3504  4095  8147  8261  8148  8262,
             8149  8263  8150  8264  8151  8265  8152  8266  8153  8267,
             8375  8492  8376  8154  8377  8155  8716  8842  8717  8378,
             8718  8268  8379  8269  8604  9191  8380  9075  8381  9076,
             8382  8493  8383  9077  8384  8494  8385  8495  8605  8719,
             8606  8496  8607  8497  8956  9078  8957  8843  9192  9319,
             8720  8958  8270  9320  8498  9193  8959  8156  8271  8157,
             9194  8158  8272  9195  9079  9196  9080  8386  8159  8721,
             9197  8844  8160  8722  9198  8723  9443  8273  8499  9081,
             8387  8608  8388  8724  8389  8609  8390  8725  9321  8500,
             8610  8501  8611  8502  8726  8503  8845  8612  8960  8613,
             8504  8614  8505  8615  8506  8616  8727  8617  8274  8507,
             8961  9082  8962  8728  8275  9199  9444  8729  9200  8846,
             9083  9201  9084  8391  8730  9202  8847  8276  8848  8731,
             9203  8277  8732  8278  8508  8849  8618  8733  8392  9570,
             8619  8509  8620  8510  8279  8963  8621  9445  8622  8734,
             8850  9571  8851  9204  9697  9085  8735  8852  9086  9446,
             8280  9572  8964  9087  8736  8965  8393  8737  8511  9205,
             9322  8281  8738  8853  8394  8854  8282  8395  8398  8512,
             8624  8513  8625  8514  8626  8740  8627  8515  8628  8741,
             8629  8742  8859  8284  8860  8285  8743  8286  8399  8287,
             8516  8288  8517  8630  8518  8631  8744  8861  8745  8862,
             8746  8863  8967  8864  8968  8747  8865  8969  8866  8970,
             9323  8971  9091  8972  9092  9324  8632  9325  8633  9093,
             8973  8867  9207  8868  8519  8974  9447  8634  8520  9208,
             9326  8635  9448  9573  9327  8748  9328  9449  8869  9209,
             9329  8400  9450  8401  9210  8402  9451  8403  9574  8404,
             9452  8405  8749  8870  9575  8871  9330  8872  8521  8873,
             8406  8874  8407  8975  8408  8976  8636  8977  9094  8522,
             9095  8750  8978  9096  8875  8979  8876  8980  9211  8981,
             8982  9097  9212  8523  9213  9098  8983  9099  8984  9576,
             9331  8751  9332  9453  9333  9214  9334  8409  9335  8410,
             9215  8411  9336  8412  9100  8413  9337  8414  8415  9338,
             8637  8524  8416  8985  9577  8986  8638  8525  9101  8526,
             8877  9216  9454  9698  9455  9339  8878  9456  9699  9825,
             9578  9700  9826  9701  9827  9457  8527  8639  8528  8640,
             8987  8641  8529  8642  8530  8643  8531  8752  8532  8753
 print totals
 compute domain integral
c
domain dnr_072
 symmetric
 normal plane nx 0  ny -1.0  nz 0.0
 front nodes   4071   4256   4441 linear verify
 function type b
 ignore crack face loading
 q-values     4256   4257   4258   4259   4260   4261   4262   4263,
              4264   4265   4266   4267   4268   4269   4270   4271,
              4272   4273   4274   4275   4276   4277   4278   4279,
              4280   4281   4282   4283   4284   4285   4286   4287,
              4288   4289   4290   4291   4292   4293   4294   4295,
              4296   4297   4298   4299   4300   4301   4302   4303,
              4304   4305   4306   4307   4308   4309   4310   4311,
              4312   4313   4314   4315   4316   4317   4318   4319,
              4320   4321   4322   4323   4324   4325   4326   4327,
              4328   4329   4330   4331   4332   4333   4334   4335,
              4336   4337   4338   4339   4340   4341   4342   4343,
              4344   4345   4346   4347   4348   4349   4350   4351,
              4352   4353   4354   4355   4356   4357   4358   4359,
              4360   4361   4362   4363   4364   4365   4366   4367,
              4368   4369   4370   4371   4372   4373   4374   4375,
              4376   4377   4378   4379   4380   4381   4382   4383,
              4384   4385   4386   4387   4388   4389   4390   4391,
              4392   4393   4394   4395   4396   4397   4398   4399,
              4400   4401   4402   4403   4404   4405   4406   4407,
              4408   4409   4410   4411   4412   4413   4414   4415,
              4416   4417   4418   4419   4420   4421   4422   4423,
              4424   4425   4426   4427   4428   4429   4430   4431,
              4432   4433   4434   4435   4436   4437   4438   4439,
              4440  10010  10011  10012  10013  10014  10015  10016,
             10017  10018  10019  10020  10021  10022  10023  10024,
             10025  10026  10027  10028  10029  10030  10031  10032,
             10033  10034  10035  10036  10037  10038  10039  10040,
             10041  10042  10043  10044  10045  10046  10047  10048,
             10049  10050  10051  10052  10053  10054  10055  10056,
             10057  10058  10059  10060  10061  10062  10063  10064,
             10065  10066  10067  10068  10069  10070  10071  10072,
             10073  10074  10075  10076  10077  10078  10079  10080,
             10081  10082  10083  10084  10085  10086  10087  10088,
             10089  10090  10091  10092  10093  10094  10095  10096,
             10097  10098  10099  10100  10101  10102  10103  10104,
             10105  10106  10107  10108  10109  10110  10111  10112,
             10113  10114  10115  10116  10117  10118  10119  10120,
             10121  10122  10123  10124  10125  10126  10127  10128,
             10129  10130  10131  10132  10133  10134  10135  10136,
             10137  10138  10139  10140  10141  10142  10143  10144,
             10145  10146  10147  10148  10149  10150  10151  10152,
             10153  10154  10155  10156  10157  10158  10159  10160,
             10161  10162  10163  10164  10165  10166  10167  10168,
             10169  10170  10171  10172  10173  10174  10175  10176,
             10177  10178  10179  10180  10181  10182  10183  10184,
             10185  10186  10187  10188  10189  10190  10191  10192 1.000
 elements     605   733   606   734   607   735   608   736   609   737,
              610   738   611   739   612   740   613   741   614   742,
              615   743   616   744   617   745   618   746   619   747,
              620   748   621   749   622   750   623   751   624   752,
              861   989   862   990   863   991   864   992   865   993,
              866   994   867   995   868   996   869   997   870   998,
              871   999   872  1000   873  1001   874  1002   875  1003,
              876  1004   877  1005   878  1006   879  1007   880  1008,
             3255  3477  3256  3478  3360  3479  3361  3480  3257  3362,
             3258  3828  3259  3481  3260  3710  3261  3363  3262  3364,
             3263  3365  3264  3366  3265  3367  3829  3368  3830  3482,
             3266  3601  3267  3602  3268  3603  3269  3604  3369  3711,
             3370  3483  3270  3712  3713  3831  3271  3714  3832  3484,
             4198  4076  3272  4199  3952  3371  4200  3833  3273  3953,
             4077  3485  3954  3834  3274  3955  3835  3715  3956  3716,
             3275  3836  3717  3372  3837  3718  3276  3838  4201  3373,
             3839  3957  3277  4078  3958  3374  4079  4202  3278  4080,
             3719  3605  3840  3720  3279  3841  3721  4203  3842  3722,
             3280  3843  3959  4321  3844  3723  3281  3845  3375  3606,
             3376  3607  3282  3608  3283  3609  3724  3486  3610  3377,
             3611  3378  3612  3379  3487  3613  3488  3614  3489  3615,
             3490  3616  3491  3617  3284  3492  3285  3380  3846  3381,
             3493  3382  3494  3383  3495  3960  3286  3496  3287  3618,
             3384  3847  3961  4081  3385  3962  4082  3619  3725  3848,
             3963  3726  3849  3497  4083  4322  3620  3727  4204  3386,
             3728  4084  3621  4205  4085  3387  4206  4086  3498  3964,
             4087  3622  3965  4088  3499  3966  3729  3623  4089  3730,
             3500  4207  3624  3850  3731  3967  3501  4323  3968  3388,
             4090  3969  3502  4091  3970  3389  4092  4208  3503  4093,
             3625  3390  4094  3971  3504  4095  8147  8261  8148  8262,
             8149  8263  8150  8264  8151  8265  8152  8266  8153  8267,
             8375  8492  8376  8154  8377  8155  8716  8842  8717  8378,
             8718  8268  8379  8269  8604  9191  8380  9075  8381  9076,
             8382  8493  8383  9077  8384  8494  8385  8495  8605  8719,
             8606  8496  8607  8497  8956  9078  8957  8843  9192  9319,
             8720  8958  8270  9320  8498  9193  8959  8156  8271  8157,
             9194  8158  8272  9195  9079  9196  9080  8386  8159  8721,
             9197  8844  8160  8722  9198  8723  9443  8273  8499  9081,
             8387  8608  8388  8724  8389  8609  8390  8725  9321  8500,
             8610  8501  8611  8502  8726  8503  8845  8612  8960  8613,
             8504  8614  8505  8615  8506  8616  8727  8617  8274  8507,
             8961  9082  8962  8728  8275  9199  9444  8729  9200  8846,
             9083  9201  9084  8391  8730  9202  8847  8276  8848  8731,
             9203  8277  8732  8278  8508  8849  8618  8733  8392  9570,
             8619  8509  8620  8510  8279  8963  8621  9445  8622  8734,
             8850  9571  8851  9204  9697  9085  8735  8852  9086  9446,
             8280  9572  8964  9087  8736  8965  8393  8737  8511  9205,
             9322  8281  8738  8853  8394  8854  8282  8395  8396  8855,
             9088  8856  9089  8739  8857  9206  8397  8283  8966  9090,
             8623  8858  8398  8512  8624  8513  8625  8514  8626  8740,
             8627  8515  8628  8741  8629  8742  8859  8284  8860  8285,
             8743  8286  8399  8287  8516  8288  8517  8630  8518  8631,
             8744  8861  8745  8862  8746  8863  8967  8864  8968  8747,
             8865  8969  8866  8970  9323  8971  9091  8972  9092  9324,
             8632  9325  8633  9093  8973  8867  9207  8868  8519  8974,
             9447  8634  8520  9208  9326  8635  9448  9573  9327  8748,
             9328  9449  8869  9209  9329  8400  9450  8401  9210  8402,
             9451  8403  9574  8404  9452  8405  8749  8870  9575  8871,
             9330  8872  8521  8873  8406  8874  8407  8975  8408  8976,
             8636  8977  9094  8522  9095  8750  8978  9096  8875  8979,
             8876  8980  9211  8981  8982  9097  9212  8523  9213  9098,
             8983  9099  8984  9576  9331  8751  9332  9453  9333  9214,
             9334  8409  9335  8410  9215  8411  9336  8412  9100  8413,
             9337  8414  8415  9338  8637  8524  8416  8985  9577  8986,
             8638  8525  9101  8526  8877  9216  9454  9698  9455  9339,
             8878  9456  9699  9825  9578  9700  9826  9701  9827  9457,
             8527  8639  8528  8640  8987  8641  8529  8642  8530  8643,
             8531  8752  8532  8753  9102  9217  9340  9218  9341  9459,
             8989  9103  8990  9104  9342  9221  8991  9105
 print totals
 compute domain integral
