c
domain dnr_064
 symmetric
 normal plane nx 0  ny -1.0  nz 0.0
 front nodes   3701   3886   4071 linear verify
 function type b
 ignore crack face loading
 q-values     3886   3887   3888   3889   3890   3891   3892   3893,
              3894   3895   3896   3897   3898   3899   3900   3901,
              3902   3903   3904   3905   3906   3907   3908   3909,
              3910   3911   3912   3913   3914   3915   3916   3917,
              3918   3919   3920   3921   3922   3923   3924   3925,
              3926   3927   3928   3929   3930   3931   3932   3933,
              3934   3935   3936   3937   3938   3939   3940   3941,
              3942   3943   3944   3945   3946   3947   3948   3949,
              3950   3951   3952   3953   3954   3955   3956   3957,
              3958   3959   3960   3961   3962   3963   3964   3965,
              3966   3967   3968   3969   3970   3971   3972   3973,
              3974   3975   3976   3977   3978   3979   3980   3981,
              3982   3983   3984   3985   3986   3987   3988   3989,
              3990   3991   3992   3993   3994   3995   3996   3997,
              3998   3999   4000   4001   4002   4003   4004   4005,
              4006   4007   4008   4009   4010   4011   4012   4013,
              4014   4015   4016   4017   4018   4019   4020   4021,
              4022   4023   4024   4025   4026   4027   4028   4029,
              4030   4031   4032   4033   4034   4035   4036   4037,
              4038   4039   4040   4041   4042   4043   4044   4045,
              4046   4047   4048   4049   4050   4051   4052   4053,
              4054   4055   4056   4057   4058   4059   4060   4061,
              4062   4063   4064   4065   4066   4067   4068   4069,
              4070   9614   9615   9616   9617   9618   9619   9620,
              9621   9622   9623   9624   9625   9626   9627   9628,
              9629   9630   9631   9632   9633   9634   9635   9636,
              9637   9638   9639   9640   9641   9642   9643   9644,
              9645   9646   9647   9648   9649   9650   9651   9652,
              9653   9654   9655   9656   9657   9658   9659   9660,
              9661   9662   9663   9664   9665   9666   9667   9668,
              9669   9670   9671   9672   9673   9674   9675   9676,
              9677   9678   9679   9680   9681   9682   9683   9684,
              9685   9686   9687   9688   9689   9690   9691   9692,
              9693   9694   9695   9696   9697   9698   9699   9700,
              9701   9702   9703   9704   9705   9706   9707   9708,
              9709   9710   9711   9712   9713   9714   9715   9716,
              9717   9718   9719   9720   9721   9722   9723   9724,
              9725   9726   9727   9728   9729   9730   9731   9732,
              9733   9734   9735   9736   9737   9738   9739   9740,
              9741   9742   9743   9744   9745   9746   9747   9748,
              9749   9750   9751   9752   9753   9754   9755   9756,
              9757   9758   9759   9760   9761   9762   9763   9764,
              9765   9766 1.000
 elements     585   713   586   714   587   715   588   716   589   717,
              590   718   591   719   592   720   593   721   594   722,
              595   723   596   724   597   725   598   726   599   727,
              600   728   601   729   602   730   603   731   604   732,
              841   969   842   970   843   971   844   972   845   973,
              846   974   847   975   848   976   849   977   850   978,
              851   979   852   980   853   981   854   982   855   983,
              856   984   857   985   858   986   859   987   860   988,
             2784  2900  3224  2901  3028  3147  3029  3148  3225  2902,
             3226  2903  3227  2904  3228  2905  3229  2906  3230  2907,
             3231  2908  3232  2909  3233  2910  3030  2911  3031  2912,
             3234  3577  3235  3578  3236  3579  3237  3580  3032  3336,
             3033  3454  3034  3238  3239  3455  3691  3812  3456  3240,
             3337  3457  3035  3338  3458  3149  3339  3813  3241  3340,
             3814  3938  3459  3815  3242  3460  3692  3939  3816  3341,
             3243  3693  3342  3817  3694  3343  3244  3695  3344  3818,
             3940  3345  3036  3819  3346  3245  3941  3461  4065  4193,
             3696  3246  3820  3697  3581  3821  3698  3247  3822  3699,
             3942  3823  3700  3037  3943  3701  3248  3824  3038  3150,
             3039  3151  3249  3582  3250  3583  3040  3152  3462  3153,
             3347  3154  3348  3155  3463  3156  3464  3157  3465  3158,
             3466  3159  3467  3160  3251  3161  3252  3162  3349  3163,
             3350  3164  3351  3165  3352  3166  3253  3167  3254  3168,
             3353  3584  3354  3585  3944  3355  3586  4066  3702  3825,
             3945  3703  3826  3587  3704  3588  4067  3705  3589  4194,
             3706  3590  3356  4068  3591  4195  4069  3592  3468  3946,
             3593  4070  3947  3594  3469  3948  3595  4071  3707  3596,
             3470  3708  3471  4196  3597  3709  3827  3949  3472  3357,
             3950  3473  4072  3951  3474  3358  4073  3475  3598  4074,
             3476  3359  3599  4075  4197  3600  7874  7987  8102  7988,
             8103  7989  8104  7765  8105  7990  8106  8218  7766  8107,
             8219  7991  8336  7875  8108  7876  8109  7877  7992  7878,
             7993  7879  7994  7880  8110  8220  8337  8221  8338  8222,
             8339  8223  8340  8224  8341  8454  8342  8455  8343  8456,
             8570  8457  8344  8458  8684  8810  8685  8345  8686  8225,
             8346  8226  7995  8571  8687  8459  7996  8111  8688  8112,
             8460  7997  8113  8227  7881  8572  8689  7998  8347  8690,
             8573  8811  8114  8933  7767  7882  7999  7883  8691  7768,
             8228  8348  7769  7884  8349  8574  8000  8350  8692  8575,
             8461  8001  8462  8002  7885  8463  8115  7770  8934  8003,
             8464  8693  8465  8694  8116  8229  8466  7886  8004  8467,
             8005  8117  8006  8118  8230  8119  8007  8120  8695  8576,
             7887  8577  8696  8351  8697  8812  9059  8231  8578  7771,
             8579  8232  8580  8698  8581  7772  8582  8699  9185  8352,
             8583  8008  8468  8813  8121  7773  8814  8122  8469  8233,
             8815  8935  8816  8700  9186  7888  9060  9187  8234  8936,
             9188  8701  8937  9061  8357  8471  7898  8472  7899  8473,
             7900  8013  7901  8474  7902  8014  7903  8015  7904  8126,
             8240  8016  8241  8017  8242  8358  8127  8243  8128  8475,
             8129  8476  8706  8823  8940  8585  8707  8586  8824  8587,
             8708  8588  8709  8589  8710  8825  8941  8826  8942  8827,
             8943  9062  8590  8477  8591  8478  8592  8828  8593  8829,
             8479  9063  8018  8130  8830  8480  8944  9064  8831  8945,
             8832  8946  8131  8244  8132  8245  9065  8019  8133  8246,
             8359  8020  8134  8247  8947  9066  8021  8135  8136  8833,
             8248  8594  8249  9067  8834  8595  8250  8360  9068  8361,
             8711  8362  8835  8596  8948  8251  8363  8712  9069  8252,
             8364  8836  8365  8837  8366  8253  8713  9070  9189  8481,
             8838  8482  8949  8483  8839  8950  8254  8137  8255  8138,
             8256  8022  9071  8023  8484  8139  8367  8024  8951  8025,
             8952  8026  8140  8027  8141  8257  8597  9072  9313  8368,
             8953  9314  8598  8714  8485  8369  8840  8370  8371  9315,
             9441  8028  8841  9442  9569  8029  8372  9316  9073  9317,
             9190  9318
 print totals
 compute domain integral
c
domain dnr_065
 symmetric
 normal plane nx 0  ny -1.0  nz 0.0
 front nodes   3701   3886   4071 linear verify
 function type b
 ignore crack face loading
 q-values     3886   3887   3888   3889   3890   3891   3892   3893,
              3894   3895   3896   3897   3898   3899   3900   3901,
              3902   3903   3904   3905   3906   3907   3908   3909,
              3910   3911   3912   3913   3914   3915   3916   3917,
              3918   3919   3920   3921   3922   3923   3924   3925,
              3926   3927   3928   3929   3930   3931   3932   3933,
              3934   3935   3936   3937   3938   3939   3940   3941,
              3942   3943   3944   3945   3946   3947   3948   3949,
              3950   3951   3952   3953   3954   3955   3956   3957,
              3958   3959   3960   3961   3962   3963   3964   3965,
              3966   3967   3968   3969   3970   3971   3972   3973,
              3974   3975   3976   3977   3978   3979   3980   3981,
              3982   3983   3984   3985   3986   3987   3988   3989,
              3990   3991   3992   3993   3994   3995   3996   3997,
              3998   3999   4000   4001   4002   4003   4004   4005,
              4006   4007   4008   4009   4010   4011   4012   4013,
              4014   4015   4016   4017   4018   4019   4020   4021,
              4022   4023   4024   4025   4026   4027   4028   4029,
              4030   4031   4032   4033   4034   4035   4036   4037,
              4038   4039   4040   4041   4042   4043   4044   4045,
              4046   4047   4048   4049   4050   4051   4052   4053,
              4054   4055   4056   4057   4058   4059   4060   4061,
              4062   4063   4064   4065   4066   4067   4068   4069,
              4070   9614   9615   9616   9617   9618   9619   9620,
              9621   9622   9623   9624   9625   9626   9627   9628,
              9629   9630   9631   9632   9633   9634   9635   9636,
              9637   9638   9639   9640   9641   9642   9643   9644,
              9645   9646   9647   9648   9649   9650   9651   9652,
              9653   9654   9655   9656   9657   9658   9659   9660,
              9661   9662   9663   9664   9665   9666   9667   9668,
              9669   9670   9671   9672   9673   9674   9675   9676,
              9677   9678   9679   9680   9681   9682   9683   9684,
              9685   9686   9687   9688   9689   9690   9691   9692,
              9693   9694   9695   9696   9697   9698   9699   9700,
              9701   9702   9703   9704   9705   9706   9707   9708,
              9709   9710   9711   9712   9713   9714   9715   9716,
              9717   9718   9719   9720   9721   9722   9723   9724,
              9725   9726   9727   9728   9729   9730   9731   9732,
              9733   9734   9735   9736   9737   9738   9739   9740,
              9741   9742   9743   9744   9745   9746   9747   9748,
              9749   9750   9751   9752   9753   9754   9755   9756,
              9757   9758   9759   9760   9761   9762   9763   9764,
              9765   9766   9767   9768   9769   9770   9771   9772,
              9773   9774   9775   9776   9777   9778   9779   9780,
              9781 1.000
 elements     585   713   586   714   587   715   588   716   589   717,
              590   718   591   719   592   720   593   721   594   722,
              595   723   596   724   597   725   598   726   599   727,
              600   728   601   729   602   730   603   731   604   732,
              841   969   842   970   843   971   844   972   845   973,
              846   974   847   975   848   976   849   977   850   978,
              851   979   852   980   853   981   854   982   855   983,
              856   984   857   985   858   986   859   987   860   988,
             2784  2900  3224  2901  3028  3147  3029  3148  3225  2902,
             3226  2903  3227  2904  3228  2905  3229  2906  3230  2907,
             3231  2908  3232  2909  3233  2910  3030  2911  3031  2912,
             3234  3577  3235  3578  3236  3579  3237  3580  3032  3336,
             3033  3454  3034  3238  3239  3455  3691  3812  3456  3240,
             3337  3457  3035  3338  3458  3149  3339  3813  3241  3340,
             3814  3938  3459  3815  3242  3460  3692  3939  3816  3341,
             3243  3693  3342  3817  3694  3343  3244  3695  3344  3818,
             3940  3345  3036  3819  3346  3245  3941  3461  4065  4193,
             3696  3246  3820  3697  3581  3821  3698  3247  3822  3699,
             3942  3823  3700  3037  3943  3701  3248  3824  3038  3150,
             3039  3151  3249  3582  3250  3583  3040  3152  3462  3153,
             3347  3154  3348  3155  3463  3156  3464  3157  3465  3158,
             3466  3159  3467  3160  3251  3161  3252  3162  3349  3163,
             3350  3164  3351  3165  3352  3166  3253  3167  3254  3168,
             3353  3584  3354  3585  3944  3355  3586  4066  3702  3825,
             3945  3703  3826  3587  3704  3588  4067  3705  3589  4194,
             3706  3590  3356  4068  3591  4195  4069  3592  3468  3946,
             3593  4070  3947  3594  3469  3948  3595  4071  3707  3596,
             3470  3708  3471  4196  3597  3709  3827  3949  3472  3357,
             3950  3473  4072  3951  3474  3358  4073  3475  3598  4074,
             3476  3359  3599  4075  4197  3600  7874  7987  8102  7988,
             8103  7989  8104  7765  8105  7990  8106  8218  7766  8107,
             8219  7991  8336  7875  8108  7876  8109  7877  7992  7878,
             7993  7879  7994  7880  8110  8220  8337  8221  8338  8222,
             8339  8223  8340  8224  8341  8454  8342  8455  8343  8456,
             8570  8457  8344  8458  8684  8810  8685  8345  8686  8225,
             8346  8226  7995  8571  8687  8459  7996  8111  8688  8112,
             8460  7997  8113  8227  7881  8572  8689  7998  8347  8690,
             8573  8811  8114  8933  7767  7882  7999  7883  8691  7768,
             8228  8348  7769  7884  8349  8574  8000  8350  8692  8575,
             8461  8001  8462  8002  7885  8463  8115  7770  8934  8003,
             8464  8693  8465  8694  8116  8229  8466  7886  8004  8467,
             8005  8117  8006  8118  8230  8119  8007  8120  8695  8576,
             7887  8577  8696  8351  8697  8812  9059  8231  8578  7771,
             8579  8232  8580  8698  8581  7772  8582  8699  9185  8352,
             8583  8008  8468  8813  8121  7773  8814  8122  8469  8233,
             8815  8935  8816  8700  9186  7888  9060  9187  8234  8936,
             9188  8701  8937  9061  7889  8009  7774  7890  8470  8010,
             8123  8702  8124  8817  8235  7775  8236  7776  8357  8471,
             7898  8472  7899  8473  7900  8013  7901  8474  7902  8014,
             7903  8015  7904  8126  8240  8016  8241  8017  8242  8358,
             8127  8243  8128  8475  8129  8476  8706  8823  8940  8585,
             8707  8586  8824  8587  8708  8588  8709  8589  8710  8825,
             8941  8826  8942  8827  8943  9062  8590  8477  8591  8478,
             8592  8828  8593  8829  8479  9063  8018  8130  8830  8480,
             8944  9064  8831  8945  8832  8946  8131  8244  8132  8245,
             9065  8019  8133  8246  8359  8020  8134  8247  8947  9066,
             8021  8135  8136  8833  8248  8594  8249  9067  8834  8595,
             8250  8360  9068  8361  8711  8362  8835  8596  8948  8251,
             8363  8712  9069  8252  8364  8836  8365  8837  8366  8253,
             8713  9070  9189  8481  8838  8482  8949  8483  8839  8950,
             8254  8137  8255  8138  8256  8022  9071  8023  8484  8139,
             8367  8024  8951  8025  8952  8026  8140  8027  8141  8257,
             8597  9072  9313  8368  8953  9314  8598  8714  8485  8369,
             8840  8370  8371  9315  9441  8028  8841  9442  9569  8029,
             8372  9316  9073  9317  9190  9318  8142  8258  8143  8259,
             8144  8260  8373  8486  8599  8030  8145  8031  8146  8032
 print totals
 compute domain integral
c
domain dnr_066
 symmetric
 normal plane nx 0  ny -1.0  nz 0.0
 front nodes   3701   3886   4071 linear verify
 function type b
 ignore crack face loading
 q-values     3886   3887   3888   3889   3890   3891   3892   3893,
              3894   3895   3896   3897   3898   3899   3900   3901,
              3902   3903   3904   3905   3906   3907   3908   3909,
              3910   3911   3912   3913   3914   3915   3916   3917,
              3918   3919   3920   3921   3922   3923   3924   3925,
              3926   3927   3928   3929   3930   3931   3932   3933,
              3934   3935   3936   3937   3938   3939   3940   3941,
              3942   3943   3944   3945   3946   3947   3948   3949,
              3950   3951   3952   3953   3954   3955   3956   3957,
              3958   3959   3960   3961   3962   3963   3964   3965,
              3966   3967   3968   3969   3970   3971   3972   3973,
              3974   3975   3976   3977   3978   3979   3980   3981,
              3982   3983   3984   3985   3986   3987   3988   3989,
              3990   3991   3992   3993   3994   3995   3996   3997,
              3998   3999   4000   4001   4002   4003   4004   4005,
              4006   4007   4008   4009   4010   4011   4012   4013,
              4014   4015   4016   4017   4018   4019   4020   4021,
              4022   4023   4024   4025   4026   4027   4028   4029,
              4030   4031   4032   4033   4034   4035   4036   4037,
              4038   4039   4040   4041   4042   4043   4044   4045,
              4046   4047   4048   4049   4050   4051   4052   4053,
              4054   4055   4056   4057   4058   4059   4060   4061,
              4062   4063   4064   4065   4066   4067   4068   4069,
              4070   9614   9615   9616   9617   9618   9619   9620,
              9621   9622   9623   9624   9625   9626   9627   9628,
              9629   9630   9631   9632   9633   9634   9635   9636,
              9637   9638   9639   9640   9641   9642   9643   9644,
              9645   9646   9647   9648   9649   9650   9651   9652,
              9653   9654   9655   9656   9657   9658   9659   9660,
              9661   9662   9663   9664   9665   9666   9667   9668,
              9669   9670   9671   9672   9673   9674   9675   9676,
              9677   9678   9679   9680   9681   9682   9683   9684,
              9685   9686   9687   9688   9689   9690   9691   9692,
              9693   9694   9695   9696   9697   9698   9699   9700,
              9701   9702   9703   9704   9705   9706   9707   9708,
              9709   9710   9711   9712   9713   9714   9715   9716,
              9717   9718   9719   9720   9721   9722   9723   9724,
              9725   9726   9727   9728   9729   9730   9731   9732,
              9733   9734   9735   9736   9737   9738   9739   9740,
              9741   9742   9743   9744   9745   9746   9747   9748,
              9749   9750   9751   9752   9753   9754   9755   9756,
              9757   9758   9759   9760   9761   9762   9763   9764,
              9765   9766   9767   9768   9769   9770   9771   9772,
              9773   9774   9775   9776   9777   9778   9779   9780,
              9781   9782   9783   9784   9785   9786   9787   9788,
              9789   9790   9791   9792   9793   9794   9795   9796 1.000
 elements     585   713   586   714   587   715   588   716   589   717,
              590   718   591   719   592   720   593   721   594   722,
              595   723   596   724   597   725   598   726   599   727,
              600   728   601   729   602   730   603   731   604   732,
              841   969   842   970   843   971   844   972   845   973,
              846   974   847   975   848   976   849   977   850   978,
              851   979   852   980   853   981   854   982   855   983,
              856   984   857   985   858   986   859   987   860   988,
             2784  2900  3224  2901  3028  3147  3029  3148  3225  2902,
             3226  2903  3227  2904  3228  2905  3229  2906  3230  2907,
             3231  2908  3232  2909  3233  2910  3030  2911  3031  2912,
             3234  3577  3235  3578  3236  3579  3237  3580  3032  3336,
             3033  3454  3034  3238  3239  3455  3691  3812  3456  3240,
             3337  3457  3035  3338  3458  3149  3339  3813  3241  3340,
             3814  3938  3459  3815  3242  3460  3692  3939  3816  3341,
             3243  3693  3342  3817  3694  3343  3244  3695  3344  3818,
             3940  3345  3036  3819  3346  3245  3941  3461  4065  4193,
             3696  3246  3820  3697  3581  3821  3698  3247  3822  3699,
             3942  3823  3700  3037  3943  3701  3248  3824  3038  3150,
             3039  3151  3249  3582  3250  3583  3040  3152  3462  3153,
             3347  3154  3348  3155  3463  3156  3464  3157  3465  3158,
             3466  3159  3467  3160  3251  3161  3252  3162  3349  3163,
             3350  3164  3351  3165  3352  3166  3253  3167  3254  3168,
             3353  3584  3354  3585  3944  3355  3586  4066  3702  3825,
             3945  3703  3826  3587  3704  3588  4067  3705  3589  4194,
             3706  3590  3356  4068  3591  4195  4069  3592  3468  3946,
             3593  4070  3947  3594  3469  3948  3595  4071  3707  3596,
             3470  3708  3471  4196  3597  3709  3827  3949  3472  3357,
             3950  3473  4072  3951  3474  3358  4073  3475  3598  4074,
             3476  3359  3599  4075  4197  3600  7874  7987  8102  7988,
             8103  7989  8104  7765  8105  7990  8106  8218  7766  8107,
             8219  7991  8336  7875  8108  7876  8109  7877  7992  7878,
             7993  7879  7994  7880  8110  8220  8337  8221  8338  8222,
             8339  8223  8340  8224  8341  8454  8342  8455  8343  8456,
             8570  8457  8344  8458  8684  8810  8685  8345  8686  8225,
             8346  8226  7995  8571  8687  8459  7996  8111  8688  8112,
             8460  7997  8113  8227  7881  8572  8689  7998  8347  8690,
             8573  8811  8114  8933  7767  7882  7999  7883  8691  7768,
             8228  8348  7769  7884  8349  8574  8000  8350  8692  8575,
             8461  8001  8462  8002  7885  8463  8115  7770  8934  8003,
             8464  8693  8465  8694  8116  8229  8466  7886  8004  8467,
             8005  8117  8006  8118  8230  8119  8007  8120  8695  8576,
             7887  8577  8696  8351  8697  8812  9059  8231  8578  7771,
             8579  8232  8580  8698  8581  7772  8582  8699  9185  8352,
             8583  8008  8468  8813  8121  7773  8814  8122  8469  8233,
             8815  8935  8816  8700  9186  7888  9060  9187  8234  8936,
             9188  8701  8937  9061  7889  8009  7774  7890  8470  8010,
             8123  8702  8124  8817  8235  7775  8236  7776  8353  8818,
             8354  8819  8703  8820  7894  8821  8237  8355  8939  8822,
             7897  8584  8357  8471  7898  8472  7899  8473  7900  8013,
             7901  8474  7902  8014  7903  8015  7904  8126  8240  8016,
             8241  8017  8242  8358  8127  8243  8128  8475  8129  8476,
             8706  8823  8940  8585  8707  8586  8824  8587  8708  8588,
             8709  8589  8710  8825  8941  8826  8942  8827  8943  9062,
             8590  8477  8591  8478  8592  8828  8593  8829  8479  9063,
             8018  8130  8830  8480  8944  9064  8831  8945  8832  8946,
             8131  8244  8132  8245  9065  8019  8133  8246  8359  8020,
             8134  8247  8947  9066  8021  8135  8136  8833  8248  8594,
             8249  9067  8834  8595  8250  8360  9068  8361  8711  8362,
             8835  8596  8948  8251  8363  8712  9069  8252  8364  8836,
             8365  8837  8366  8253  8713  9070  9189  8481  8838  8482,
             8949  8483  8839  8950  8254  8137  8255  8138  8256  8022,
             9071  8023  8484  8139  8367  8024  8951  8025  8952  8026,
             8140  8027  8141  8257  8597  9072  9313  8368  8953  9314,
             8598  8714  8485  8369  8840  8370  8371  9315  9441  8028,
             8841  9442  9569  8029  8372  9316  9073  9317  9190  9318,
             8142  8258  8143  8259  8144  8260  8373  8486  8599  8030,
             8145  8031  8146  8032  8487  8600  8488  8601  8374  8602,
             8954  9074  8955  8489  8603  8490  8715  8491
 print totals
 compute domain integral
