c
domain dnr_034
 symmetric
 normal plane nx 0  ny -1.0  nz 0.0
 front nodes   1851   2036   2221 linear verify
 function type b
 ignore crack face loading
 q-values     2036   2037   2038   2039   2040   2041   2042   2043,
              2044   2045   2046   2047   2048   2049   2050   2051,
              2052   2053   2054   2055   2056   2057   2058   2059,
              2060   2061   2062   2063   2064   2065   2066   2067,
              2068   2069   2070   2071   2072   2073   2074   2075,
              2076   2077   2078   2079   2080   2081   2082   2083,
              2084   2085   2086   2087   2088   2089   2090   2091,
              2092   2093   2094   2095   2096   2097   2098   2099,
              2100   2101   2102   2103   2104   2105   2106   2107,
              2108   2109   2110   2111   2112   2113   2114   2115,
              2116   2117   2118   2119   2120   2121   2122   2123,
              2124   2125   2126   2127   2128   2129   2130   2131,
              2132   2133   2134   2135   2136   2137   2138   2139,
              2140   2141   2142   2143   2144   2145   2146   2147,
              2148   2149   2150   2151   2152   2153   2154   2155,
              2156   2157   2158   2159   2160   2161   2162   2163,
              2164   2165   2166   2167   2168   2169   2170   2171,
              2172   2173   2174   2175   2176   2177   2178   2179,
              2180   2181   2182   2183   2184   2185   2186   2187,
              2188   2189   2190   2191   2192   2193   2194   2195,
              2196   2197   2198   2199   2200   2201   2202   2203,
              2204   2205   2206   2207   2208   2209   2210   2211,
              2212   2213   2214   2215   2216   2217   2218   2219,
              2220   7589   7590   7591   7592   7593   7594   7595,
              7596   7597   7598   7599   7600   7601   7602   7603,
              7604   7605   7606   7607   7608   7609   7610   7611,
              7612   7613   7614   7615   7616   7617   7618   7619,
              7620   7621   7622   7623   7624   7625   7626   7627,
              7628   7629   7630   7631   7632   7633   7634   7635,
              7636   7637   7638   7639   7640   7641   7642   7643,
              7644   7645   7646   7647   7648   7649   7650   7651,
              7652   7653   7654   7655   7656   7657   7658   7659,
              7660   7661   7662   7663   7664   7665   7666   7667,
              7668   7669   7670   7671   7672   7673   7674   7675,
              7676   7677   7678   7679   7680   7681   7682   7683,
              7684   7685   7686   7687   7688   7689   7690   7691,
              7692   7693   7694   7695   7696   7697   7698   7699,
              7700   7701   7702   7703   7704   7705   7706   7707,
              7708   7709   7710   7711   7712   7713   7714   7715,
              7716   7717   7718   7719   7720   7721   7722   7723,
              7724   7725   7726   7727   7728   7729   7730   7731,
              7732   7733   7734   7735   7736   7737   7738   7739,
              7740   7741 1.000
 elements     101   229   102   230   103   231   104   232   105   233,
              106   234   107   235   108   236   109   237   110   238,
              111   239   112   240   113   241   114   242   115   243,
              116   244   117   245   118   246   119   247   120   248,
              357   485   358   486   359   487   360   488   361   489,
              362   490   363   491   364   492   365   493   366   494,
              367   495   368   496   369   497   370   498   371   499,
              372   500   373   501   374   502   375   503   376   504,
             1501  1624  1502  1625  1503  1626  1504  1627  2170  1628,
             2171  1629  2172  1630  2173  1631  2174  1632  2175  2296,
             2176  2297  2177  2298  2178  2299  2179  2659  2180  2422,
             2181  2423  2182  2424  2183  2425  2184  2426  2185  2427,
             2186  2548  2187  2009  2188  2300  2660  2189  2301  2786,
             2190  2302  2913  2191  2303  3041  2428  2304  2192  2661,
             2305  2787  2662  2306  2193  2663  2307  2788  2664  2308,
             2194  2665  2789  2914  2666  2790  2195  2667  2791  2309,
             2668  2792  2196  2915  2793  2669  2916  2670  2197  2794,
             2671  2429  2795  2672  2198  2796  2673  2430  2797  2674,
             2199  2798  2917  2431  2799  2918  2200  2675  2010  2131,
             2011  2132  2012  2133  2013  2134  2014  2135  2015  2136,
             2016  2137  2432  2138  2433  2139  2434  2140  2435  2141,
             2436  2142  2437  2143  2438  2144  2310  2549  2311  2550,
             2312  2551  2313  2552  2314  2553  2315  2554  2316  2439,
             2317  2676  2440  2555  2919  2441  2556  3042  2442  2557,
             2677  2443  2558  2800  2678  2559  2920  2444  2560  3043,
             2445  2561  2921  3044  2562  2446  2922  2563  3045  3169,
             2564  2447  3046  2565  3170  2923  2566  2448  2924  2567,
             3047  3171  2568  2318  3048  3172  3297  2925  3049  2319,
             2926  3050  2569  2927  3051  2320  2928  3052  2570  3173,
             2679  2321  3053  3174  2571  2801  5820  5941  5821  5942,
             5822  5943  5823  5944  5824  5945  5825  5715  5826  5716,
             5827  5717  5828  5718  6059  5946  6060  5947  5829  6061,
             6169  5948  6062  5830  6063  6170  6064  6171  6065  6172,
             6066  6173  6067  6174  6289  5949  6175  6068  6176  6290,
             6177  6291  6410  6292  6411  6178  6527  6646  6412  6528,
             6179  6293  5950  6294  5951  5831  5952  6295  5953  5719,
             5954  5720  5832  6413  5833  5955  5834  5956  5835  6069,
             6529  6070  6530  6071  6761  6072  6762  6647  5721  5836,
             6180  6414  6181  6415  6182  6416  6183  6417  6531  6648,
             5957  6649  6073  6650  6296  6763  6297  6764  5837  6298,
             5838  6184  5958  6532  6886  6533  6765  6299  5839  5959,
             5722  5840  5723  5841  5724  5960  5725  5842  5726  5843,
             5727  5844  5728  5845  5961  6074  6887  6534  6651  6075,
             6766  6076  6652  6077  5846  6653  6185  6888  6186  7011,
             6187  5962  7012  6300  7137  5963  6188  5847  5964  6767,
             5848  7013  6654  7138  7265  6889  7139  5965  7266  6301,
             7140  7267  7141  7014  6304  6424  6305  6425  6306  6426,
             6307  6427  6308  6428  6081  6429  6309  5967  6430  5968,
             6082  5969  5852  6191  5853  6310  6431  5970  5854  6311,
             6432  5971  6540  6659  6541  6660  6542  6661  6543  6662,
             6544  6663  6545  6664  6546  6665  6547  6666  6433  6667,
             6770  6668  6771  6669  6890  6312  6891  7015  6772  6548,
             5855  6773  6892  6313  6774  5856  6775  6314  6776  6434,
             6083  6777  6315  6435  6893  6084  6549  5972  6192  5973,
             6894  6316  6436  6193  5974  6085  5975  6086  6087  6550,
             6088  6551  6089  6552  6090  6670  6091  6194  6317  6195,
             6553  6196  6554  6197  6437  6671  6438  6778  6439  7016,
             6672  6318  6440  6198  6441  6199  6319  6673  6320  5976,
             6321  5977  6322  6779  6323  6442  6092  6443  6324  6444,
             6093  6674  6555  6200  7017  6094  6895  6325  6445  6201,
             6780  6326  6896  5978  6095  6446  6096  6447  6556  6675,
             6202  6781  6448  6782  7018  6557  6449  6203  6558  6783,
             6559  6784  6327  6785  7268  6560  6676  7393  6677  6897,
             6678  6561
 print totals
 compute domain integral
c
domain dnr_035
 symmetric
 normal plane nx 0  ny -1.0  nz 0.0
 front nodes   1851   2036   2221 linear verify
 function type b
 ignore crack face loading
 q-values     2036   2037   2038   2039   2040   2041   2042   2043,
              2044   2045   2046   2047   2048   2049   2050   2051,
              2052   2053   2054   2055   2056   2057   2058   2059,
              2060   2061   2062   2063   2064   2065   2066   2067,
              2068   2069   2070   2071   2072   2073   2074   2075,
              2076   2077   2078   2079   2080   2081   2082   2083,
              2084   2085   2086   2087   2088   2089   2090   2091,
              2092   2093   2094   2095   2096   2097   2098   2099,
              2100   2101   2102   2103   2104   2105   2106   2107,
              2108   2109   2110   2111   2112   2113   2114   2115,
              2116   2117   2118   2119   2120   2121   2122   2123,
              2124   2125   2126   2127   2128   2129   2130   2131,
              2132   2133   2134   2135   2136   2137   2138   2139,
              2140   2141   2142   2143   2144   2145   2146   2147,
              2148   2149   2150   2151   2152   2153   2154   2155,
              2156   2157   2158   2159   2160   2161   2162   2163,
              2164   2165   2166   2167   2168   2169   2170   2171,
              2172   2173   2174   2175   2176   2177   2178   2179,
              2180   2181   2182   2183   2184   2185   2186   2187,
              2188   2189   2190   2191   2192   2193   2194   2195,
              2196   2197   2198   2199   2200   2201   2202   2203,
              2204   2205   2206   2207   2208   2209   2210   2211,
              2212   2213   2214   2215   2216   2217   2218   2219,
              2220   7589   7590   7591   7592   7593   7594   7595,
              7596   7597   7598   7599   7600   7601   7602   7603,
              7604   7605   7606   7607   7608   7609   7610   7611,
              7612   7613   7614   7615   7616   7617   7618   7619,
              7620   7621   7622   7623   7624   7625   7626   7627,
              7628   7629   7630   7631   7632   7633   7634   7635,
              7636   7637   7638   7639   7640   7641   7642   7643,
              7644   7645   7646   7647   7648   7649   7650   7651,
              7652   7653   7654   7655   7656   7657   7658   7659,
              7660   7661   7662   7663   7664   7665   7666   7667,
              7668   7669   7670   7671   7672   7673   7674   7675,
              7676   7677   7678   7679   7680   7681   7682   7683,
              7684   7685   7686   7687   7688   7689   7690   7691,
              7692   7693   7694   7695   7696   7697   7698   7699,
              7700   7701   7702   7703   7704   7705   7706   7707,
              7708   7709   7710   7711   7712   7713   7714   7715,
              7716   7717   7718   7719   7720   7721   7722   7723,
              7724   7725   7726   7727   7728   7729   7730   7731,
              7732   7733   7734   7735   7736   7737   7738   7739,
              7740   7741   7742   7743   7744   7745   7746   7747,
              7748   7749   7750   7751   7752   7753   7754   7755,
              7756 1.000
 elements     101   229   102   230   103   231   104   232   105   233,
              106   234   107   235   108   236   109   237   110   238,
              111   239   112   240   113   241   114   242   115   243,
              116   244   117   245   118   246   119   247   120   248,
              357   485   358   486   359   487   360   488   361   489,
              362   490   363   491   364   492   365   493   366   494,
              367   495   368   496   369   497   370   498   371   499,
              372   500   373   501   374   502   375   503   376   504,
             1501  1624  1502  1625  1503  1626  1504  1627  2170  1628,
             2171  1629  2172  1630  2173  1631  2174  1632  2175  2296,
             2176  2297  2177  2298  2178  2299  2179  2659  2180  2422,
             2181  2423  2182  2424  2183  2425  2184  2426  2185  2427,
             2186  2548  2187  2009  2188  2300  2660  2189  2301  2786,
             2190  2302  2913  2191  2303  3041  2428  2304  2192  2661,
             2305  2787  2662  2306  2193  2663  2307  2788  2664  2308,
             2194  2665  2789  2914  2666  2790  2195  2667  2791  2309,
             2668  2792  2196  2915  2793  2669  2916  2670  2197  2794,
             2671  2429  2795  2672  2198  2796  2673  2430  2797  2674,
             2199  2798  2917  2431  2799  2918  2200  2675  2010  2131,
             2011  2132  2012  2133  2013  2134  2014  2135  2015  2136,
             2016  2137  2432  2138  2433  2139  2434  2140  2435  2141,
             2436  2142  2437  2143  2438  2144  2310  2549  2311  2550,
             2312  2551  2313  2552  2314  2553  2315  2554  2316  2439,
             2317  2676  2440  2555  2919  2441  2556  3042  2442  2557,
             2677  2443  2558  2800  2678  2559  2920  2444  2560  3043,
             2445  2561  2921  3044  2562  2446  2922  2563  3045  3169,
             2564  2447  3046  2565  3170  2923  2566  2448  2924  2567,
             3047  3171  2568  2318  3048  3172  3297  2925  3049  2319,
             2926  3050  2569  2927  3051  2320  2928  3052  2570  3173,
             2679  2321  3053  3174  2571  2801  5820  5941  5821  5942,
             5822  5943  5823  5944  5824  5945  5825  5715  5826  5716,
             5827  5717  5828  5718  6059  5946  6060  5947  5829  6061,
             6169  5948  6062  5830  6063  6170  6064  6171  6065  6172,
             6066  6173  6067  6174  6289  5949  6175  6068  6176  6290,
             6177  6291  6410  6292  6411  6178  6527  6646  6412  6528,
             6179  6293  5950  6294  5951  5831  5952  6295  5953  5719,
             5954  5720  5832  6413  5833  5955  5834  5956  5835  6069,
             6529  6070  6530  6071  6761  6072  6762  6647  5721  5836,
             6180  6414  6181  6415  6182  6416  6183  6417  6531  6648,
             5957  6649  6073  6650  6296  6763  6297  6764  5837  6298,
             5838  6184  5958  6532  6886  6533  6765  6299  5839  5959,
             5722  5840  5723  5841  5724  5960  5725  5842  5726  5843,
             5727  5844  5728  5845  5961  6074  6887  6534  6651  6075,
             6766  6076  6652  6077  5846  6653  6185  6888  6186  7011,
             6187  5962  7012  6300  7137  5963  6188  5847  5964  6767,
             5848  7013  6654  7138  7265  6889  7139  5965  7266  6301,
             7140  7267  7141  7014  5966  6078  5849  6079  6418  6535,
             6302  6080  6419  6189  6536  5850  6420  5851  6304  6424,
             6305  6425  6306  6426  6307  6427  6308  6428  6081  6429,
             6309  5967  6430  5968  6082  5969  5852  6191  5853  6310,
             6431  5970  5854  6311  6432  5971  6540  6659  6541  6660,
             6542  6661  6543  6662  6544  6663  6545  6664  6546  6665,
             6547  6666  6433  6667  6770  6668  6771  6669  6890  6312,
             6891  7015  6772  6548  5855  6773  6892  6313  6774  5856,
             6775  6314  6776  6434  6083  6777  6315  6435  6893  6084,
             6549  5972  6192  5973  6894  6316  6436  6193  5974  6085,
             5975  6086  6087  6550  6088  6551  6089  6552  6090  6670,
             6091  6194  6317  6195  6553  6196  6554  6197  6437  6671,
             6438  6778  6439  7016  6672  6318  6440  6198  6441  6199,
             6319  6673  6320  5976  6321  5977  6322  6779  6323  6442,
             6092  6443  6324  6444  6093  6674  6555  6200  7017  6094,
             6895  6325  6445  6201  6780  6326  6896  5978  6095  6446,
             6096  6447  6556  6675  6202  6781  6448  6782  7018  6557,
             6449  6203  6558  6783  6559  6784  6327  6785  7268  6560,
             6676  7393  6677  6897  6678  6561  6328  6898  5979  6204,
             5980  6097  6205  6786  6899  5981  6098  5982  6099  5983
 print totals
 compute domain integral
c
domain dnr_036
 symmetric
 normal plane nx 0  ny -1.0  nz 0.0
 front nodes   1851   2036   2221 linear verify
 function type b
 ignore crack face loading
 q-values     2036   2037   2038   2039   2040   2041   2042   2043,
              2044   2045   2046   2047   2048   2049   2050   2051,
              2052   2053   2054   2055   2056   2057   2058   2059,
              2060   2061   2062   2063   2064   2065   2066   2067,
              2068   2069   2070   2071   2072   2073   2074   2075,
              2076   2077   2078   2079   2080   2081   2082   2083,
              2084   2085   2086   2087   2088   2089   2090   2091,
              2092   2093   2094   2095   2096   2097   2098   2099,
              2100   2101   2102   2103   2104   2105   2106   2107,
              2108   2109   2110   2111   2112   2113   2114   2115,
              2116   2117   2118   2119   2120   2121   2122   2123,
              2124   2125   2126   2127   2128   2129   2130   2131,
              2132   2133   2134   2135   2136   2137   2138   2139,
              2140   2141   2142   2143   2144   2145   2146   2147,
              2148   2149   2150   2151   2152   2153   2154   2155,
              2156   2157   2158   2159   2160   2161   2162   2163,
              2164   2165   2166   2167   2168   2169   2170   2171,
              2172   2173   2174   2175   2176   2177   2178   2179,
              2180   2181   2182   2183   2184   2185   2186   2187,
              2188   2189   2190   2191   2192   2193   2194   2195,
              2196   2197   2198   2199   2200   2201   2202   2203,
              2204   2205   2206   2207   2208   2209   2210   2211,
              2212   2213   2214   2215   2216   2217   2218   2219,
              2220   7589   7590   7591   7592   7593   7594   7595,
              7596   7597   7598   7599   7600   7601   7602   7603,
              7604   7605   7606   7607   7608   7609   7610   7611,
              7612   7613   7614   7615   7616   7617   7618   7619,
              7620   7621   7622   7623   7624   7625   7626   7627,
              7628   7629   7630   7631   7632   7633   7634   7635,
              7636   7637   7638   7639   7640   7641   7642   7643,
              7644   7645   7646   7647   7648   7649   7650   7651,
              7652   7653   7654   7655   7656   7657   7658   7659,
              7660   7661   7662   7663   7664   7665   7666   7667,
              7668   7669   7670   7671   7672   7673   7674   7675,
              7676   7677   7678   7679   7680   7681   7682   7683,
              7684   7685   7686   7687   7688   7689   7690   7691,
              7692   7693   7694   7695   7696   7697   7698   7699,
              7700   7701   7702   7703   7704   7705   7706   7707,
              7708   7709   7710   7711   7712   7713   7714   7715,
              7716   7717   7718   7719   7720   7721   7722   7723,
              7724   7725   7726   7727   7728   7729   7730   7731,
              7732   7733   7734   7735   7736   7737   7738   7739,
              7740   7741   7742   7743   7744   7745   7746   7747,
              7748   7749   7750   7751   7752   7753   7754   7755,
              7756   7757   7758   7759   7760   7761   7762   7763,
              7764   7765   7766   7767   7768   7769   7770   7771 1.000
 elements     101   229   102   230   103   231   104   232   105   233,
              106   234   107   235   108   236   109   237   110   238,
              111   239   112   240   113   241   114   242   115   243,
              116   244   117   245   118   246   119   247   120   248,
              357   485   358   486   359   487   360   488   361   489,
              362   490   363   491   364   492   365   493   366   494,
              367   495   368   496   369   497   370   498   371   499,
              372   500   373   501   374   502   375   503   376   504,
             1501  1624  1502  1625  1503  1626  1504  1627  2170  1628,
             2171  1629  2172  1630  2173  1631  2174  1632  2175  2296,
             2176  2297  2177  2298  2178  2299  2179  2659  2180  2422,
             2181  2423  2182  2424  2183  2425  2184  2426  2185  2427,
             2186  2548  2187  2009  2188  2300  2660  2189  2301  2786,
             2190  2302  2913  2191  2303  3041  2428  2304  2192  2661,
             2305  2787  2662  2306  2193  2663  2307  2788  2664  2308,
             2194  2665  2789  2914  2666  2790  2195  2667  2791  2309,
             2668  2792  2196  2915  2793  2669  2916  2670  2197  2794,
             2671  2429  2795  2672  2198  2796  2673  2430  2797  2674,
             2199  2798  2917  2431  2799  2918  2200  2675  2010  2131,
             2011  2132  2012  2133  2013  2134  2014  2135  2015  2136,
             2016  2137  2432  2138  2433  2139  2434  2140  2435  2141,
             2436  2142  2437  2143  2438  2144  2310  2549  2311  2550,
             2312  2551  2313  2552  2314  2553  2315  2554  2316  2439,
             2317  2676  2440  2555  2919  2441  2556  3042  2442  2557,
             2677  2443  2558  2800  2678  2559  2920  2444  2560  3043,
             2445  2561  2921  3044  2562  2446  2922  2563  3045  3169,
             2564  2447  3046  2565  3170  2923  2566  2448  2924  2567,
             3047  3171  2568  2318  3048  3172  3297  2925  3049  2319,
             2926  3050  2569  2927  3051  2320  2928  3052  2570  3173,
             2679  2321  3053  3174  2571  2801  5820  5941  5821  5942,
             5822  5943  5823  5944  5824  5945  5825  5715  5826  5716,
             5827  5717  5828  5718  6059  5946  6060  5947  5829  6061,
             6169  5948  6062  5830  6063  6170  6064  6171  6065  6172,
             6066  6173  6067  6174  6289  5949  6175  6068  6176  6290,
             6177  6291  6410  6292  6411  6178  6527  6646  6412  6528,
             6179  6293  5950  6294  5951  5831  5952  6295  5953  5719,
             5954  5720  5832  6413  5833  5955  5834  5956  5835  6069,
             6529  6070  6530  6071  6761  6072  6762  6647  5721  5836,
             6180  6414  6181  6415  6182  6416  6183  6417  6531  6648,
             5957  6649  6073  6650  6296  6763  6297  6764  5837  6298,
             5838  6184  5958  6532  6886  6533  6765  6299  5839  5959,
             5722  5840  5723  5841  5724  5960  5725  5842  5726  5843,
             5727  5844  5728  5845  5961  6074  6887  6534  6651  6075,
             6766  6076  6652  6077  5846  6653  6185  6888  6186  7011,
             6187  5962  7012  6300  7137  5963  6188  5847  5964  6767,
             5848  7013  6654  7138  7265  6889  7139  5965  7266  6301,
             7140  7267  7141  7014  5966  6078  5849  6079  6418  6535,
             6302  6080  6419  6189  6536  5850  6420  5851  6190  6421,
             6537  6655  6768  6656  6422  6538  6303  6769  6423  6657,
             6539  6658  6304  6424  6305  6425  6306  6426  6307  6427,
             6308  6428  6081  6429  6309  5967  6430  5968  6082  5969,
             5852  6191  5853  6310  6431  5970  5854  6311  6432  5971,
             6540  6659  6541  6660  6542  6661  6543  6662  6544  6663,
             6545  6664  6546  6665  6547  6666  6433  6667  6770  6668,
             6771  6669  6890  6312  6891  7015  6772  6548  5855  6773,
             6892  6313  6774  5856  6775  6314  6776  6434  6083  6777,
             6315  6435  6893  6084  6549  5972  6192  5973  6894  6316,
             6436  6193  5974  6085  5975  6086  6087  6550  6088  6551,
             6089  6552  6090  6670  6091  6194  6317  6195  6553  6196,
             6554  6197  6437  6671  6438  6778  6439  7016  6672  6318,
             6440  6198  6441  6199  6319  6673  6320  5976  6321  5977,
             6322  6779  6323  6442  6092  6443  6324  6444  6093  6674,
             6555  6200  7017  6094  6895  6325  6445  6201  6780  6326,
             6896  5978  6095  6446  6096  6447  6556  6675  6202  6781,
             6448  6782  7018  6557  6449  6203  6558  6783  6559  6784,
             6327  6785  7268  6560  6676  7393  6677  6897  6678  6561,
             6328  6898  5979  6204  5980  6097  6205  6786  6899  5981,
             6098  5982  6099  5983  6562  6679  6787  6330  6900  7019,
             6901  6680  7020  6681  6332  6207  6333  6208
 print totals
 compute domain integral
