c
domain dnr_082
 symmetric
 normal plane nx 0  ny -1.0  nz 0.0
 front nodes   4811   4996   5181 linear verify
 function type b
 ignore crack face loading
 q-values     4996   4997   4998   4999   5000   5001   5002   5003,
              5004   5005   5006   5007   5008   5009   5010   5011,
              5012   5013   5014   5015   5016   5017   5018   5019,
              5020   5021   5022   5023   5024   5025   5026   5027,
              5028   5029   5030   5031   5032   5033   5034   5035,
              5036   5037   5038   5039   5040   5041   5042   5043,
              5044   5045   5046   5047   5048   5049   5050   5051,
              5052   5053   5054   5055   5056   5057   5058   5059,
              5060   5061   5062   5063   5064   5065   5066   5067,
              5068   5069   5070   5071   5072   5073   5074   5075,
              5076   5077   5078   5079   5080   5081   5082   5083,
              5084   5085   5086   5087   5088   5089   5090   5091,
              5092   5093   5094   5095   5096   5097   5098   5099,
              5100   5101   5102   5103   5104   5105   5106   5107,
              5108   5109   5110   5111   5112   5113   5114   5115,
              5116   5117   5118   5119   5120   5121   5122   5123,
              5124   5125   5126   5127   5128   5129   5130   5131,
              5132   5133   5134   5135   5136   5137   5138   5139,
              5140   5141   5142   5143   5144   5145   5146   5147,
              5148   5149   5150   5151   5152   5153   5154   5155,
              5156   5157   5158   5159   5160   5161   5162   5163,
              5164   5165   5166   5167   5168   5169   5170   5171,
              5172   5173   5174   5175   5176   5177   5178   5179,
              5180  10817  10818  10819  10820  10821  10822  10823,
             10824  10825  10826  10827  10828  10829  10830  10831,
             10832  10833  10834  10835  10836  10837  10838  10839,
             10840  10841  10842  10843  10844  10845  10846  10847,
             10848  10849  10850  10851  10852  10853  10854  10855,
             10856  10857  10858  10859  10860  10861  10862  10863,
             10864  10865  10866  10867  10868  10869  10870  10871,
             10872  10873  10874  10875  10876  10877  10878  10879,
             10880  10881  10882  10883  10884  10885  10886  10887,
             10888  10889  10890  10891  10892  10893  10894  10895,
             10896  10897  10898  10899  10900  10901  10902  10903,
             10904  10905  10906  10907  10908  10909  10910  10911,
             10912  10913  10914  10915  10916  10917  10918  10919,
             10920  10921  10922  10923  10924  10925  10926  10927,
             10928  10929  10930  10931  10932  10933  10934  10935,
             10936  10937  10938  10939  10940  10941  10942  10943,
             10944  10945  10946  10947  10948  10949  10950  10951,
             10952  10953  10954  10955  10956  10957  10958  10959,
             10960  10961  10962  10963  10964  10965  10966  10967,
             10968  10969 1.000
 elements    1029  1053  1030  1054  1031  1055  1032  1056  1033  1057,
             1034  1058  1035  1059  1036  1060  1037  1061  1038  1062,
             1039  1063  1040  1064  1041  1065  1042  1066  1043  1067,
             1044  1068  1045  1069  1046  1070  1047  1071  1048  1072,
             1077  1101  1078  1102  1079  1103  1080  1104  1081  1105,
             1082  1106  1083  1107  1084  1108  1085  1109  1086  1110,
             1087  1111  1088  1112  1089  1113  1090  1114  1091  1115,
             1092  1116  1093  1117  1094  1118  1095  1119  1096  1120,
             3534  3757  3535  3873  3422  3536  3423  3537  3424  3874,
             3993  3538  3875  3539  3758  3876  3759  3877  3760  3878,
             3761  3879  4223  3880  3994  3881  3995  3882  3540  3653,
             3541  3654  3762  3655  3763  3656  3764  3657  3765  3883,
             3542  3766  3543  3996  3884  4224  3544  4335  4225  3767,
             4336  4115  4578  3997  4226  3768  3998  4227  3545  4456,
             4228  3885  3999  4337  4457  4000  4338  3769  4001  4339,
             3886  4229  4340  3770  4230  4341  3887  4458  4342  4231,
             4459  4343  3888  4116  4460  4579  4117  4232  3658  4461,
             4233  3889  4344  3890  3659  4234  3891  3771  4235  3892,
             3660  4462  4002  3772  4236  3893  3661  4237  3662  4003,
             3663  3773  3664  3774  3665  3775  3666  3546  3667  3776,
             3668  4118  3669  3547  3670  3548  3671  3549  3672  3550,
             3673  3551  3674  3552  3675  3777  4004  3778  3894  4005,
             4119  4006  4120  4007  4121  4008  4122  3676  4123  3677,
             4124  3895  4125  4463  3678  4126  4009  3896  4464  3897,
             3679  4345  3898  4465  4127  3779  3680  4128  4346  4580,
             4705  4238  4129  4581  4130  4706  4239  4131  4466  4010,
             4132  4582  4011  4133  4707  3780  4134  4012  3781  4240,
             4708  4833  4241  3782  4347  4583  4013  4135  4584  3783,
             4467  4585  4014  4348  4468  4136  4349  4586  4015  4242,
             4350  4137  4469  4016  4587  4351  9035  9148  9036  9149,
             9261  9150  9262  9151  9263  9152  9264  9153  9265  9154,
             9608  9493  9609  8926  9037  8927  9038  8928  9266  9382,
             9155  9383  9156  9039  9267  9730  9268  9384  9731  9494,
             9610  9842  9385  9732  9495  9611  9961  9733  9962  9734,
             9963  9269  9612  9964  9157  9613  9965 10085  9270  9735,
             9614  9736  9158  9843  9040  9966  9159  9967  9160  9271,
             9161  9272  9162  9273  9163  9274  9164  9496  9041 10086,
            10211  9386  9497 10087  9275  9387  9844  9968  9845  9165,
             9276  9388  9615  9498  9616  9499  9617  9846  9389  9737,
             9847  9969 10088  9738  9970 10089  9971  9277  9500  9618,
             9739  9848  9501  9972  9619  9740  9620  9741  9621  9849,
             9042  9742  9850  9743  9278  9744  9166  9279  9167  9280,
             9168  9281  9169  9502  9622  9043  9973 10090  9503 10091,
             9282  9044  9851 10092  9170  9045 10093  9623 10212  9852,
             9974  9745  9975 10094  9283 10337  9046 10213  9624  9746,
            10214 10338  9976  9625 10339  9853 10215 10340  9504 10465,
             9505 10341 10466 10216  9393  9508  9630  9509  9048  9394,
             9049  9510  9050  9631  9051  9395  9052  9396  9053  9174,
             9054  9175  9397  9286  9398  9511  9055  9512  9056  9513,
             9287  9399  9632  9980 10096  9859  9633  9860  9750  9981,
            10097  9861  9982  9751  9514  9862 10098  9288  9400  9515,
             9752  9863  9753  9864  9176  9634 10218 10099 10219  9516,
             9517 10220  9177 10221  9289  9401 10100  9518  9635 10222,
             9402 10223  9403  9636  9404  9637  9178  9865  9179  9290,
            10224  9405  9754 10342  9180  9406  9291  9407  9755  9983,
             9292  9408 10101 10225 10343  9984 10102  9519  9638  9520,
             9866  9521  9867  9293  9409  9756 10344  9868  9181  9639,
             9182 10103  9294  9522 10226  9523  9183  9524  9184  9985,
             9295  9410 10104  9525  9640 10227  9411 10228  9412  9641,
             9413  9757  9869 10105  9414  9296  9415  9986  9416  9758,
             9417  9987  9297  9418  9298  9419  9526 10467 10106  9527,
            10468 10593 10229  9642  9759 10594  9528  9870  9760 10469,
            10595 10721 10596  9643 10722  9761  9871 10597  9872 10723,
             9420 10345
 print totals
 compute domain integral
c
domain dnr_083
 symmetric
 normal plane nx 0  ny -1.0  nz 0.0
 front nodes   4811   4996   5181 linear verify
 function type b
 ignore crack face loading
 q-values     4996   4997   4998   4999   5000   5001   5002   5003,
              5004   5005   5006   5007   5008   5009   5010   5011,
              5012   5013   5014   5015   5016   5017   5018   5019,
              5020   5021   5022   5023   5024   5025   5026   5027,
              5028   5029   5030   5031   5032   5033   5034   5035,
              5036   5037   5038   5039   5040   5041   5042   5043,
              5044   5045   5046   5047   5048   5049   5050   5051,
              5052   5053   5054   5055   5056   5057   5058   5059,
              5060   5061   5062   5063   5064   5065   5066   5067,
              5068   5069   5070   5071   5072   5073   5074   5075,
              5076   5077   5078   5079   5080   5081   5082   5083,
              5084   5085   5086   5087   5088   5089   5090   5091,
              5092   5093   5094   5095   5096   5097   5098   5099,
              5100   5101   5102   5103   5104   5105   5106   5107,
              5108   5109   5110   5111   5112   5113   5114   5115,
              5116   5117   5118   5119   5120   5121   5122   5123,
              5124   5125   5126   5127   5128   5129   5130   5131,
              5132   5133   5134   5135   5136   5137   5138   5139,
              5140   5141   5142   5143   5144   5145   5146   5147,
              5148   5149   5150   5151   5152   5153   5154   5155,
              5156   5157   5158   5159   5160   5161   5162   5163,
              5164   5165   5166   5167   5168   5169   5170   5171,
              5172   5173   5174   5175   5176   5177   5178   5179,
              5180  10817  10818  10819  10820  10821  10822  10823,
             10824  10825  10826  10827  10828  10829  10830  10831,
             10832  10833  10834  10835  10836  10837  10838  10839,
             10840  10841  10842  10843  10844  10845  10846  10847,
             10848  10849  10850  10851  10852  10853  10854  10855,
             10856  10857  10858  10859  10860  10861  10862  10863,
             10864  10865  10866  10867  10868  10869  10870  10871,
             10872  10873  10874  10875  10876  10877  10878  10879,
             10880  10881  10882  10883  10884  10885  10886  10887,
             10888  10889  10890  10891  10892  10893  10894  10895,
             10896  10897  10898  10899  10900  10901  10902  10903,
             10904  10905  10906  10907  10908  10909  10910  10911,
             10912  10913  10914  10915  10916  10917  10918  10919,
             10920  10921  10922  10923  10924  10925  10926  10927,
             10928  10929  10930  10931  10932  10933  10934  10935,
             10936  10937  10938  10939  10940  10941  10942  10943,
             10944  10945  10946  10947  10948  10949  10950  10951,
             10952  10953  10954  10955  10956  10957  10958  10959,
             10960  10961  10962  10963  10964  10965  10966  10967,
             10968  10969  10970  10971  10972  10973  10974  10975,
             10976  10977  10978  10979  10980  10981  10982  10983,
             10984 1.000
 elements    1029  1053  1030  1054  1031  1055  1032  1056  1033  1057,
             1034  1058  1035  1059  1036  1060  1037  1061  1038  1062,
             1039  1063  1040  1064  1041  1065  1042  1066  1043  1067,
             1044  1068  1045  1069  1046  1070  1047  1071  1048  1072,
             1077  1101  1078  1102  1079  1103  1080  1104  1081  1105,
             1082  1106  1083  1107  1084  1108  1085  1109  1086  1110,
             1087  1111  1088  1112  1089  1113  1090  1114  1091  1115,
             1092  1116  1093  1117  1094  1118  1095  1119  1096  1120,
             3534  3757  3535  3873  3422  3536  3423  3537  3424  3874,
             3993  3538  3875  3539  3758  3876  3759  3877  3760  3878,
             3761  3879  4223  3880  3994  3881  3995  3882  3540  3653,
             3541  3654  3762  3655  3763  3656  3764  3657  3765  3883,
             3542  3766  3543  3996  3884  4224  3544  4335  4225  3767,
             4336  4115  4578  3997  4226  3768  3998  4227  3545  4456,
             4228  3885  3999  4337  4457  4000  4338  3769  4001  4339,
             3886  4229  4340  3770  4230  4341  3887  4458  4342  4231,
             4459  4343  3888  4116  4460  4579  4117  4232  3658  4461,
             4233  3889  4344  3890  3659  4234  3891  3771  4235  3892,
             3660  4462  4002  3772  4236  3893  3661  4237  3662  4003,
             3663  3773  3664  3774  3665  3775  3666  3546  3667  3776,
             3668  4118  3669  3547  3670  3548  3671  3549  3672  3550,
             3673  3551  3674  3552  3675  3777  4004  3778  3894  4005,
             4119  4006  4120  4007  4121  4008  4122  3676  4123  3677,
             4124  3895  4125  4463  3678  4126  4009  3896  4464  3897,
             3679  4345  3898  4465  4127  3779  3680  4128  4346  4580,
             4705  4238  4129  4581  4130  4706  4239  4131  4466  4010,
             4132  4582  4011  4133  4707  3780  4134  4012  3781  4240,
             4708  4833  4241  3782  4347  4583  4013  4135  4584  3783,
             4467  4585  4014  4348  4468  4136  4349  4586  4015  4242,
             4350  4137  4469  4016  4587  4351  9035  9148  9036  9149,
             9261  9150  9262  9151  9263  9152  9264  9153  9265  9154,
             9608  9493  9609  8926  9037  8927  9038  8928  9266  9382,
             9155  9383  9156  9039  9267  9730  9268  9384  9731  9494,
             9610  9842  9385  9732  9495  9611  9961  9733  9962  9734,
             9963  9269  9612  9964  9157  9613  9965 10085  9270  9735,
             9614  9736  9158  9843  9040  9966  9159  9967  9160  9271,
             9161  9272  9162  9273  9163  9274  9164  9496  9041 10086,
            10211  9386  9497 10087  9275  9387  9844  9968  9845  9165,
             9276  9388  9615  9498  9616  9499  9617  9846  9389  9737,
             9847  9969 10088  9738  9970 10089  9971  9277  9500  9618,
             9739  9848  9501  9972  9619  9740  9620  9741  9621  9849,
             9042  9742  9850  9743  9278  9744  9166  9279  9167  9280,
             9168  9281  9169  9502  9622  9043  9973 10090  9503 10091,
             9282  9044  9851 10092  9170  9045 10093  9623 10212  9852,
             9974  9745  9975 10094  9283 10337  9046 10213  9624  9746,
            10214 10338  9976  9625 10339  9853 10215 10340  9504 10465,
             9505 10341 10466 10216  9390  9626  9171  9747  9172  9977,
             9391  9284  9392  9285  9047  9173  9748  9627  9393  9508,
             9630  9509  9048  9394  9049  9510  9050  9631  9051  9395,
             9052  9396  9053  9174  9054  9175  9397  9286  9398  9511,
             9055  9512  9056  9513  9287  9399  9632  9980 10096  9859,
             9633  9860  9750  9981 10097  9861  9982  9751  9514  9862,
            10098  9288  9400  9515  9752  9863  9753  9864  9176  9634,
            10218 10099 10219  9516  9517 10220  9177 10221  9289  9401,
            10100  9518  9635 10222  9402 10223  9403  9636  9404  9637,
             9178  9865  9179  9290 10224  9405  9754 10342  9180  9406,
             9291  9407  9755  9983  9292  9408 10101 10225 10343  9984,
            10102  9519  9638  9520  9866  9521  9867  9293  9409  9756,
            10344  9868  9181  9639  9182 10103  9294  9522 10226  9523,
             9183  9524  9184  9985  9295  9410 10104  9525  9640 10227,
             9411 10228  9412  9641  9413  9757  9869 10105  9414  9296,
             9415  9986  9416  9758  9417  9987  9297  9418  9298  9419,
             9526 10467 10106  9527 10468 10593 10229  9642  9759 10594,
             9528  9870  9760 10469 10595 10721 10596  9643 10722  9761,
             9871 10597  9872 10723  9420 10345  9299 10107  9300  9421,
             9301  9529 10470 10108 10230  9988  9422  9302  9989  9303
 print totals
 compute domain integral
c
domain dnr_084
 symmetric
 normal plane nx 0  ny -1.0  nz 0.0
 front nodes   4811   4996   5181 linear verify
 function type b
 ignore crack face loading
 q-values     4996   4997   4998   4999   5000   5001   5002   5003,
              5004   5005   5006   5007   5008   5009   5010   5011,
              5012   5013   5014   5015   5016   5017   5018   5019,
              5020   5021   5022   5023   5024   5025   5026   5027,
              5028   5029   5030   5031   5032   5033   5034   5035,
              5036   5037   5038   5039   5040   5041   5042   5043,
              5044   5045   5046   5047   5048   5049   5050   5051,
              5052   5053   5054   5055   5056   5057   5058   5059,
              5060   5061   5062   5063   5064   5065   5066   5067,
              5068   5069   5070   5071   5072   5073   5074   5075,
              5076   5077   5078   5079   5080   5081   5082   5083,
              5084   5085   5086   5087   5088   5089   5090   5091,
              5092   5093   5094   5095   5096   5097   5098   5099,
              5100   5101   5102   5103   5104   5105   5106   5107,
              5108   5109   5110   5111   5112   5113   5114   5115,
              5116   5117   5118   5119   5120   5121   5122   5123,
              5124   5125   5126   5127   5128   5129   5130   5131,
              5132   5133   5134   5135   5136   5137   5138   5139,
              5140   5141   5142   5143   5144   5145   5146   5147,
              5148   5149   5150   5151   5152   5153   5154   5155,
              5156   5157   5158   5159   5160   5161   5162   5163,
              5164   5165   5166   5167   5168   5169   5170   5171,
              5172   5173   5174   5175   5176   5177   5178   5179,
              5180  10817  10818  10819  10820  10821  10822  10823,
             10824  10825  10826  10827  10828  10829  10830  10831,
             10832  10833  10834  10835  10836  10837  10838  10839,
             10840  10841  10842  10843  10844  10845  10846  10847,
             10848  10849  10850  10851  10852  10853  10854  10855,
             10856  10857  10858  10859  10860  10861  10862  10863,
             10864  10865  10866  10867  10868  10869  10870  10871,
             10872  10873  10874  10875  10876  10877  10878  10879,
             10880  10881  10882  10883  10884  10885  10886  10887,
             10888  10889  10890  10891  10892  10893  10894  10895,
             10896  10897  10898  10899  10900  10901  10902  10903,
             10904  10905  10906  10907  10908  10909  10910  10911,
             10912  10913  10914  10915  10916  10917  10918  10919,
             10920  10921  10922  10923  10924  10925  10926  10927,
             10928  10929  10930  10931  10932  10933  10934  10935,
             10936  10937  10938  10939  10940  10941  10942  10943,
             10944  10945  10946  10947  10948  10949  10950  10951,
             10952  10953  10954  10955  10956  10957  10958  10959,
             10960  10961  10962  10963  10964  10965  10966  10967,
             10968  10969  10970  10971  10972  10973  10974  10975,
             10976  10977  10978  10979  10980  10981  10982  10983,
             10984  10985  10986  10987  10988  10989  10990  10991,
             10992  10993  10994  10995  10996  10997  10998  10999 1.000
 elements    1029  1053  1030  1054  1031  1055  1032  1056  1033  1057,
             1034  1058  1035  1059  1036  1060  1037  1061  1038  1062,
             1039  1063  1040  1064  1041  1065  1042  1066  1043  1067,
             1044  1068  1045  1069  1046  1070  1047  1071  1048  1072,
             1077  1101  1078  1102  1079  1103  1080  1104  1081  1105,
             1082  1106  1083  1107  1084  1108  1085  1109  1086  1110,
             1087  1111  1088  1112  1089  1113  1090  1114  1091  1115,
             1092  1116  1093  1117  1094  1118  1095  1119  1096  1120,
             3534  3757  3535  3873  3422  3536  3423  3537  3424  3874,
             3993  3538  3875  3539  3758  3876  3759  3877  3760  3878,
             3761  3879  4223  3880  3994  3881  3995  3882  3540  3653,
             3541  3654  3762  3655  3763  3656  3764  3657  3765  3883,
             3542  3766  3543  3996  3884  4224  3544  4335  4225  3767,
             4336  4115  4578  3997  4226  3768  3998  4227  3545  4456,
             4228  3885  3999  4337  4457  4000  4338  3769  4001  4339,
             3886  4229  4340  3770  4230  4341  3887  4458  4342  4231,
             4459  4343  3888  4116  4460  4579  4117  4232  3658  4461,
             4233  3889  4344  3890  3659  4234  3891  3771  4235  3892,
             3660  4462  4002  3772  4236  3893  3661  4237  3662  4003,
             3663  3773  3664  3774  3665  3775  3666  3546  3667  3776,
             3668  4118  3669  3547  3670  3548  3671  3549  3672  3550,
             3673  3551  3674  3552  3675  3777  4004  3778  3894  4005,
             4119  4006  4120  4007  4121  4008  4122  3676  4123  3677,
             4124  3895  4125  4463  3678  4126  4009  3896  4464  3897,
             3679  4345  3898  4465  4127  3779  3680  4128  4346  4580,
             4705  4238  4129  4581  4130  4706  4239  4131  4466  4010,
             4132  4582  4011  4133  4707  3780  4134  4012  3781  4240,
             4708  4833  4241  3782  4347  4583  4013  4135  4584  3783,
             4467  4585  4014  4348  4468  4136  4349  4586  4015  4242,
             4350  4137  4469  4016  4587  4351  9035  9148  9036  9149,
             9261  9150  9262  9151  9263  9152  9264  9153  9265  9154,
             9608  9493  9609  8926  9037  8927  9038  8928  9266  9382,
             9155  9383  9156  9039  9267  9730  9268  9384  9731  9494,
             9610  9842  9385  9732  9495  9611  9961  9733  9962  9734,
             9963  9269  9612  9964  9157  9613  9965 10085  9270  9735,
             9614  9736  9158  9843  9040  9966  9159  9967  9160  9271,
             9161  9272  9162  9273  9163  9274  9164  9496  9041 10086,
            10211  9386  9497 10087  9275  9387  9844  9968  9845  9165,
             9276  9388  9615  9498  9616  9499  9617  9846  9389  9737,
             9847  9969 10088  9738  9970 10089  9971  9277  9500  9618,
             9739  9848  9501  9972  9619  9740  9620  9741  9621  9849,
             9042  9742  9850  9743  9278  9744  9166  9279  9167  9280,
             9168  9281  9169  9502  9622  9043  9973 10090  9503 10091,
             9282  9044  9851 10092  9170  9045 10093  9623 10212  9852,
             9974  9745  9975 10094  9283 10337  9046 10213  9624  9746,
            10214 10338  9976  9625 10339  9853 10215 10340  9504 10465,
             9505 10341 10466 10216  9390  9626  9171  9747  9172  9977,
             9391  9284  9392  9285  9047  9173  9748  9627  9506  9854,
             9978  9628  9855 10095 10217  9979  9629  9856  9749  9857,
             9507  9858  9393  9508  9630  9509  9048  9394  9049  9510,
             9050  9631  9051  9395  9052  9396  9053  9174  9054  9175,
             9397  9286  9398  9511  9055  9512  9056  9513  9287  9399,
             9632  9980 10096  9859  9633  9860  9750  9981 10097  9861,
             9982  9751  9514  9862 10098  9288  9400  9515  9752  9863,
             9753  9864  9176  9634 10218 10099 10219  9516  9517 10220,
             9177 10221  9289  9401 10100  9518  9635 10222  9402 10223,
             9403  9636  9404  9637  9178  9865  9179  9290 10224  9405,
             9754 10342  9180  9406  9291  9407  9755  9983  9292  9408,
            10101 10225 10343  9984 10102  9519  9638  9520  9866  9521,
             9867  9293  9409  9756 10344  9868  9181  9639  9182 10103,
             9294  9522 10226  9523  9183  9524  9184  9985  9295  9410,
            10104  9525  9640 10227  9411 10228  9412  9641  9413  9757,
             9869 10105  9414  9296  9415  9986  9416  9758  9417  9987,
             9297  9418  9298  9419  9526 10467 10106  9527 10468 10593,
            10229  9642  9759 10594  9528  9870  9760 10469 10595 10721,
            10596  9643 10722  9761  9871 10597  9872 10723  9420 10345,
             9299 10107  9300  9421  9301  9529 10470 10108 10230  9988,
             9422  9302  9989  9303  9762 10231  9530 10109 10232  9645,
             9764  9531  9765  9532  9646 10110  9425 10111
 print totals
 compute domain integral
