c
domain dnr_037
 symmetric
 normal plane nx 0  ny -1.0  nz 0.0
 front nodes   2036   2221   2406 linear verify
 function type b
 ignore crack face loading
 q-values     2221   2222   2223   2224   2225   2226   2227   2228,
              2229   2230   2231   2232   2233   2234   2235   2236,
              2237   2238   2239   2240   2241   2242   2243   2244,
              2245   2246   2247   2248   2249   2250   2251   2252,
              2253   2254   2255   2256   2257   2258   2259   2260,
              2261   2262   2263   2264   2265   2266   2267   2268,
              2269   2270   2271   2272   2273   2274   2275   2276,
              2277   2278   2279   2280   2281   2282   2283   2284,
              2285   2286   2287   2288   2289   2290   2291   2292,
              2293   2294   2295   2296   2297   2298   2299   2300,
              2301   2302   2303   2304   2305   2306   2307   2308,
              2309   2310   2311   2312   2313   2314   2315   2316,
              2317   2318   2319   2320   2321   2322   2323   2324,
              2325   2326   2327   2328   2329   2330   2331   2332,
              2333   2334   2335   2336   2337   2338   2339   2340,
              2341   2342   2343   2344   2345   2346   2347   2348,
              2349   2350   2351   2352   2353   2354   2355   2356,
              2357   2358   2359   2360   2361   2362   2363   2364,
              2365   2366   2367   2368   2369   2370   2371   2372,
              2373   2374   2375   2376   2377   2378   2379   2380,
              2381   2382   2383   2384   2385   2386   2387   2388,
              2389   2390   2391   2392   2393   2394   2395   2396,
              2397   2398   2399   2400   2401   2402   2403   2404,
              2405   7787   7788   7789   7790   7791   7792   7793,
              7794   7795   7796   7797   7798   7799   7800   7801,
              7802   7803   7804   7805   7806   7807   7808   7809,
              7810   7811   7812   7813   7814   7815   7816   7817,
              7818   7819   7820   7821   7822   7823   7824   7825,
              7826   7827   7828   7829   7830   7831   7832   7833,
              7834   7835   7836   7837   7838   7839   7840   7841,
              7842   7843   7844   7845   7846   7847   7848   7849,
              7850   7851   7852   7853   7854   7855   7856   7857,
              7858   7859   7860   7861   7862   7863   7864   7865,
              7866   7867   7868   7869   7870   7871   7872   7873,
              7874   7875   7876   7877   7878   7879   7880   7881,
              7882   7883   7884   7885   7886   7887   7888   7889,
              7890   7891   7892   7893   7894   7895   7896   7897,
              7898   7899   7900   7901   7902   7903   7904   7905,
              7906   7907   7908   7909   7910   7911   7912   7913,
              7914   7915   7916   7917   7918   7919   7920   7921,
              7922   7923   7924   7925   7926   7927   7928   7929,
              7930   7931   7932   7933   7934   7935   7936   7937,
              7938   7939 1.000
 elements     357   485   358   486   359   487   360   488   361   489,
              362   490   363   491   364   492   365   493   366   494,
              367   495   368   496   369   497   370   498   371   499,
              372   500   373   501   374   502   375   503   376   504,
              121   249   122   250   123   251   124   252   125   253,
              126   254   127   255   128   256   513   641   514   642,
              515   643   516   644   517   645   518   646   519   647,
              520   648   521   649   522   650   523   651   524   652,
             2010  2131  2011  2132  2012  2133  2013  2134  2014  2135,
             2015  2136  2016  2137  2432  2138  2433  2139  2434  2140,
             2435  2141  2436  2142  2437  2143  2438  2144  2310  2549,
             2311  2550  2312  2551  2313  2552  2314  2553  2315  2554,
             2316  2439  2317  2676  2440  2555  2919  2441  2556  3042,
             2442  2557  2677  2443  2558  2800  2678  2559  2920  2444,
             2560  3043  2445  2561  2921  3044  2562  2446  2922  2563,
             3045  3169  2564  2447  3046  2565  3170  2923  2566  2448,
             2924  2567  3047  3171  2568  2318  3048  3172  3297  2925,
             3049  2319  2926  3050  2569  2927  3051  2320  2928  3052,
             2570  3173  2679  2321  3053  3174  2571  2801  2201  2322,
             2202  2323  2203  2324  2204  2325  2205  2326  2206  2327,
             2207  2328  2208  2329  2209  2330  2210  2331  2211  2332,
             2212  2333  2213  2334  2214  2680  2215  2449  2216  2450,
             2217  2451  2218  2452  2219  2453  2220  2454  2221  2572,
             2222  2802  2681  2803  2223  2682  2804  2335  2929  3054,
             2224  2930  3055  2336  2455  2805  2225  2683  2806  2337,
             2684  2807  2226  2685  2808  2338  2686  2809  2227  2687,
             2810  2339  2688  2811  2228  2689  2812  2340  2690  2813,
             2229  2931  2814  2456  2932  2691  2230  2815  2692  2457,
             2816  2693  2231  2817  2694  2458  2818  2695  2232  2819,
             2933  2459  2820  2696  2233  2934  6304  6424  6305  6425,
             6306  6426  6307  6427  6308  6428  6081  6429  6309  5967,
             6430  5968  6082  5969  5852  6191  5853  6310  6431  5970,
             5854  6311  6432  5971  6540  6659  6541  6660  6542  6661,
             6543  6662  6544  6663  6545  6664  6546  6665  6547  6666,
             6433  6667  6770  6668  6771  6669  6890  6312  6891  7015,
             6772  6548  5855  6773  6892  6313  6774  5856  6775  6314,
             6776  6434  6083  6777  6315  6435  6893  6084  6549  5972,
             6192  5973  6894  6316  6436  6193  5974  6085  5975  6086,
             6087  6550  6088  6551  6089  6552  6090  6670  6091  6194,
             6317  6195  6553  6196  6554  6197  6437  6671  6438  6778,
             6439  7016  6672  6318  6440  6198  6441  6199  6319  6673,
             6320  5976  6321  5977  6322  6779  6323  6442  6092  6443,
             6324  6444  6093  6674  6555  6200  7017  6094  6895  6325,
             6445  6201  6780  6326  6896  5978  6095  6446  6096  6447,
             6556  6675  6202  6781  6448  6782  7018  6557  6449  6203,
             6558  6783  6559  6784  6327  6785  7268  6560  6676  7393,
             6677  6897  6678  6561  6106  6209  6107  6210  6108  6211,
             6109  6212  6110  6213  6334  6214  6111  6215  6112  6216,
             6335  6217  6336  6451  6563  6218  6564  6219  6452  6220,
             6682  6221  6902  7021  7142  7022  6903  7023  6904  7024,
             6905  7025  6906  7026  6907  6791  6337  6792  6908  7027,
             6565  7028  7143  7029  6793  6683  6566  7144  6909  6338,
             6222  6339  6223  6453  6224  6340  6225  6454  7145  7269,
             7146  6455  7147  7030  7148  7031  6341  7149  6342  7270,
             6226  6567  7150  7032  6794  6343  6684  7033  6456  7034,
             7151  6685  6910  6457  6911  6568  6912  6569  6686  6913,
             6687  6795  6344  6796  6914  6797  6570  6688  7152  6798,
             6915  6571  6689  6572  6799  6345  6227  6916  6228  6800,
             6229  6690  6230  7035  7153  7036  7154  6801  7037  6917,
             7038  7155  6346  7156  6347  6231  6573  6232  7157  7039,
             6918  7040  7158  6574  7041  7159  6919  7271  6233  6920,
             7160  7394  6921  7272  7521  7273  7395  6802  7274  7396,
             7042  7161  7397  7522  6348  7523  7649  6575  7650  6803,
             7524  7275
 print totals
 compute domain integral
c
domain dnr_038
 symmetric
 normal plane nx 0  ny -1.0  nz 0.0
 front nodes   2036   2221   2406 linear verify
 function type b
 ignore crack face loading
 q-values     2221   2222   2223   2224   2225   2226   2227   2228,
              2229   2230   2231   2232   2233   2234   2235   2236,
              2237   2238   2239   2240   2241   2242   2243   2244,
              2245   2246   2247   2248   2249   2250   2251   2252,
              2253   2254   2255   2256   2257   2258   2259   2260,
              2261   2262   2263   2264   2265   2266   2267   2268,
              2269   2270   2271   2272   2273   2274   2275   2276,
              2277   2278   2279   2280   2281   2282   2283   2284,
              2285   2286   2287   2288   2289   2290   2291   2292,
              2293   2294   2295   2296   2297   2298   2299   2300,
              2301   2302   2303   2304   2305   2306   2307   2308,
              2309   2310   2311   2312   2313   2314   2315   2316,
              2317   2318   2319   2320   2321   2322   2323   2324,
              2325   2326   2327   2328   2329   2330   2331   2332,
              2333   2334   2335   2336   2337   2338   2339   2340,
              2341   2342   2343   2344   2345   2346   2347   2348,
              2349   2350   2351   2352   2353   2354   2355   2356,
              2357   2358   2359   2360   2361   2362   2363   2364,
              2365   2366   2367   2368   2369   2370   2371   2372,
              2373   2374   2375   2376   2377   2378   2379   2380,
              2381   2382   2383   2384   2385   2386   2387   2388,
              2389   2390   2391   2392   2393   2394   2395   2396,
              2397   2398   2399   2400   2401   2402   2403   2404,
              2405   7787   7788   7789   7790   7791   7792   7793,
              7794   7795   7796   7797   7798   7799   7800   7801,
              7802   7803   7804   7805   7806   7807   7808   7809,
              7810   7811   7812   7813   7814   7815   7816   7817,
              7818   7819   7820   7821   7822   7823   7824   7825,
              7826   7827   7828   7829   7830   7831   7832   7833,
              7834   7835   7836   7837   7838   7839   7840   7841,
              7842   7843   7844   7845   7846   7847   7848   7849,
              7850   7851   7852   7853   7854   7855   7856   7857,
              7858   7859   7860   7861   7862   7863   7864   7865,
              7866   7867   7868   7869   7870   7871   7872   7873,
              7874   7875   7876   7877   7878   7879   7880   7881,
              7882   7883   7884   7885   7886   7887   7888   7889,
              7890   7891   7892   7893   7894   7895   7896   7897,
              7898   7899   7900   7901   7902   7903   7904   7905,
              7906   7907   7908   7909   7910   7911   7912   7913,
              7914   7915   7916   7917   7918   7919   7920   7921,
              7922   7923   7924   7925   7926   7927   7928   7929,
              7930   7931   7932   7933   7934   7935   7936   7937,
              7938   7939   7940   7941   7942   7943   7944   7945,
              7946   7947   7948   7949   7950   7951   7952   7953,
              7954 1.000
 elements     357   485   358   486   359   487   360   488   361   489,
              362   490   363   491   364   492   365   493   366   494,
              367   495   368   496   369   497   370   498   371   499,
              372   500   373   501   374   502   375   503   376   504,
              121   249   122   250   123   251   124   252   125   253,
              126   254   127   255   128   256   513   641   514   642,
              515   643   516   644   517   645   518   646   519   647,
              520   648   521   649   522   650   523   651   524   652,
             2010  2131  2011  2132  2012  2133  2013  2134  2014  2135,
             2015  2136  2016  2137  2432  2138  2433  2139  2434  2140,
             2435  2141  2436  2142  2437  2143  2438  2144  2310  2549,
             2311  2550  2312  2551  2313  2552  2314  2553  2315  2554,
             2316  2439  2317  2676  2440  2555  2919  2441  2556  3042,
             2442  2557  2677  2443  2558  2800  2678  2559  2920  2444,
             2560  3043  2445  2561  2921  3044  2562  2446  2922  2563,
             3045  3169  2564  2447  3046  2565  3170  2923  2566  2448,
             2924  2567  3047  3171  2568  2318  3048  3172  3297  2925,
             3049  2319  2926  3050  2569  2927  3051  2320  2928  3052,
             2570  3173  2679  2321  3053  3174  2571  2801  2201  2322,
             2202  2323  2203  2324  2204  2325  2205  2326  2206  2327,
             2207  2328  2208  2329  2209  2330  2210  2331  2211  2332,
             2212  2333  2213  2334  2214  2680  2215  2449  2216  2450,
             2217  2451  2218  2452  2219  2453  2220  2454  2221  2572,
             2222  2802  2681  2803  2223  2682  2804  2335  2929  3054,
             2224  2930  3055  2336  2455  2805  2225  2683  2806  2337,
             2684  2807  2226  2685  2808  2338  2686  2809  2227  2687,
             2810  2339  2688  2811  2228  2689  2812  2340  2690  2813,
             2229  2931  2814  2456  2932  2691  2230  2815  2692  2457,
             2816  2693  2231  2817  2694  2458  2818  2695  2232  2819,
             2933  2459  2820  2696  2233  2934  6304  6424  6305  6425,
             6306  6426  6307  6427  6308  6428  6081  6429  6309  5967,
             6430  5968  6082  5969  5852  6191  5853  6310  6431  5970,
             5854  6311  6432  5971  6540  6659  6541  6660  6542  6661,
             6543  6662  6544  6663  6545  6664  6546  6665  6547  6666,
             6433  6667  6770  6668  6771  6669  6890  6312  6891  7015,
             6772  6548  5855  6773  6892  6313  6774  5856  6775  6314,
             6776  6434  6083  6777  6315  6435  6893  6084  6549  5972,
             6192  5973  6894  6316  6436  6193  5974  6085  5975  6086,
             6087  6550  6088  6551  6089  6552  6090  6670  6091  6194,
             6317  6195  6553  6196  6554  6197  6437  6671  6438  6778,
             6439  7016  6672  6318  6440  6198  6441  6199  6319  6673,
             6320  5976  6321  5977  6322  6779  6323  6442  6092  6443,
             6324  6444  6093  6674  6555  6200  7017  6094  6895  6325,
             6445  6201  6780  6326  6896  5978  6095  6446  6096  6447,
             6556  6675  6202  6781  6448  6782  7018  6557  6449  6203,
             6558  6783  6559  6784  6327  6785  7268  6560  6676  7393,
             6677  6897  6678  6561  6328  6898  5979  6204  5980  6097,
             6205  6786  6899  5981  6098  5982  6099  5983  6106  6209,
             6107  6210  6108  6211  6109  6212  6110  6213  6334  6214,
             6111  6215  6112  6216  6335  6217  6336  6451  6563  6218,
             6564  6219  6452  6220  6682  6221  6902  7021  7142  7022,
             6903  7023  6904  7024  6905  7025  6906  7026  6907  6791,
             6337  6792  6908  7027  6565  7028  7143  7029  6793  6683,
             6566  7144  6909  6338  6222  6339  6223  6453  6224  6340,
             6225  6454  7145  7269  7146  6455  7147  7030  7148  7031,
             6341  7149  6342  7270  6226  6567  7150  7032  6794  6343,
             6684  7033  6456  7034  7151  6685  6910  6457  6911  6568,
             6912  6569  6686  6913  6687  6795  6344  6796  6914  6797,
             6570  6688  7152  6798  6915  6571  6689  6572  6799  6345,
             6227  6916  6228  6800  6229  6690  6230  7035  7153  7036,
             7154  6801  7037  6917  7038  7155  6346  7156  6347  6231,
             6573  6232  7157  7039  6918  7040  7158  6574  7041  7159,
             6919  7271  6233  6920  7160  7394  6921  7272  7521  7273,
             7395  6802  7274  7396  7042  7161  7397  7522  6348  7523,
             7649  6575  7650  6803  7524  7275  6234  6458  7276  6459,
             6576  6460  7162  6461  6235  6462  7043  6463  7044  6464
 print totals
 compute domain integral
c
domain dnr_039
 symmetric
 normal plane nx 0  ny -1.0  nz 0.0
 front nodes   2036   2221   2406 linear verify
 function type b
 ignore crack face loading
 q-values     2221   2222   2223   2224   2225   2226   2227   2228,
              2229   2230   2231   2232   2233   2234   2235   2236,
              2237   2238   2239   2240   2241   2242   2243   2244,
              2245   2246   2247   2248   2249   2250   2251   2252,
              2253   2254   2255   2256   2257   2258   2259   2260,
              2261   2262   2263   2264   2265   2266   2267   2268,
              2269   2270   2271   2272   2273   2274   2275   2276,
              2277   2278   2279   2280   2281   2282   2283   2284,
              2285   2286   2287   2288   2289   2290   2291   2292,
              2293   2294   2295   2296   2297   2298   2299   2300,
              2301   2302   2303   2304   2305   2306   2307   2308,
              2309   2310   2311   2312   2313   2314   2315   2316,
              2317   2318   2319   2320   2321   2322   2323   2324,
              2325   2326   2327   2328   2329   2330   2331   2332,
              2333   2334   2335   2336   2337   2338   2339   2340,
              2341   2342   2343   2344   2345   2346   2347   2348,
              2349   2350   2351   2352   2353   2354   2355   2356,
              2357   2358   2359   2360   2361   2362   2363   2364,
              2365   2366   2367   2368   2369   2370   2371   2372,
              2373   2374   2375   2376   2377   2378   2379   2380,
              2381   2382   2383   2384   2385   2386   2387   2388,
              2389   2390   2391   2392   2393   2394   2395   2396,
              2397   2398   2399   2400   2401   2402   2403   2404,
              2405   7787   7788   7789   7790   7791   7792   7793,
              7794   7795   7796   7797   7798   7799   7800   7801,
              7802   7803   7804   7805   7806   7807   7808   7809,
              7810   7811   7812   7813   7814   7815   7816   7817,
              7818   7819   7820   7821   7822   7823   7824   7825,
              7826   7827   7828   7829   7830   7831   7832   7833,
              7834   7835   7836   7837   7838   7839   7840   7841,
              7842   7843   7844   7845   7846   7847   7848   7849,
              7850   7851   7852   7853   7854   7855   7856   7857,
              7858   7859   7860   7861   7862   7863   7864   7865,
              7866   7867   7868   7869   7870   7871   7872   7873,
              7874   7875   7876   7877   7878   7879   7880   7881,
              7882   7883   7884   7885   7886   7887   7888   7889,
              7890   7891   7892   7893   7894   7895   7896   7897,
              7898   7899   7900   7901   7902   7903   7904   7905,
              7906   7907   7908   7909   7910   7911   7912   7913,
              7914   7915   7916   7917   7918   7919   7920   7921,
              7922   7923   7924   7925   7926   7927   7928   7929,
              7930   7931   7932   7933   7934   7935   7936   7937,
              7938   7939   7940   7941   7942   7943   7944   7945,
              7946   7947   7948   7949   7950   7951   7952   7953,
              7954   7955   7956   7957   7958   7959   7960   7961,
              7962   7963   7964   7965   7966   7967   7968   7969 1.000
 elements     357   485   358   486   359   487   360   488   361   489,
              362   490   363   491   364   492   365   493   366   494,
              367   495   368   496   369   497   370   498   371   499,
              372   500   373   501   374   502   375   503   376   504,
              121   249   122   250   123   251   124   252   125   253,
              126   254   127   255   128   256   513   641   514   642,
              515   643   516   644   517   645   518   646   519   647,
              520   648   521   649   522   650   523   651   524   652,
             2010  2131  2011  2132  2012  2133  2013  2134  2014  2135,
             2015  2136  2016  2137  2432  2138  2433  2139  2434  2140,
             2435  2141  2436  2142  2437  2143  2438  2144  2310  2549,
             2311  2550  2312  2551  2313  2552  2314  2553  2315  2554,
             2316  2439  2317  2676  2440  2555  2919  2441  2556  3042,
             2442  2557  2677  2443  2558  2800  2678  2559  2920  2444,
             2560  3043  2445  2561  2921  3044  2562  2446  2922  2563,
             3045  3169  2564  2447  3046  2565  3170  2923  2566  2448,
             2924  2567  3047  3171  2568  2318  3048  3172  3297  2925,
             3049  2319  2926  3050  2569  2927  3051  2320  2928  3052,
             2570  3173  2679  2321  3053  3174  2571  2801  2201  2322,
             2202  2323  2203  2324  2204  2325  2205  2326  2206  2327,
             2207  2328  2208  2329  2209  2330  2210  2331  2211  2332,
             2212  2333  2213  2334  2214  2680  2215  2449  2216  2450,
             2217  2451  2218  2452  2219  2453  2220  2454  2221  2572,
             2222  2802  2681  2803  2223  2682  2804  2335  2929  3054,
             2224  2930  3055  2336  2455  2805  2225  2683  2806  2337,
             2684  2807  2226  2685  2808  2338  2686  2809  2227  2687,
             2810  2339  2688  2811  2228  2689  2812  2340  2690  2813,
             2229  2931  2814  2456  2932  2691  2230  2815  2692  2457,
             2816  2693  2231  2817  2694  2458  2818  2695  2232  2819,
             2933  2459  2820  2696  2233  2934  6304  6424  6305  6425,
             6306  6426  6307  6427  6308  6428  6081  6429  6309  5967,
             6430  5968  6082  5969  5852  6191  5853  6310  6431  5970,
             5854  6311  6432  5971  6540  6659  6541  6660  6542  6661,
             6543  6662  6544  6663  6545  6664  6546  6665  6547  6666,
             6433  6667  6770  6668  6771  6669  6890  6312  6891  7015,
             6772  6548  5855  6773  6892  6313  6774  5856  6775  6314,
             6776  6434  6083  6777  6315  6435  6893  6084  6549  5972,
             6192  5973  6894  6316  6436  6193  5974  6085  5975  6086,
             6087  6550  6088  6551  6089  6552  6090  6670  6091  6194,
             6317  6195  6553  6196  6554  6197  6437  6671  6438  6778,
             6439  7016  6672  6318  6440  6198  6441  6199  6319  6673,
             6320  5976  6321  5977  6322  6779  6323  6442  6092  6443,
             6324  6444  6093  6674  6555  6200  7017  6094  6895  6325,
             6445  6201  6780  6326  6896  5978  6095  6446  6096  6447,
             6556  6675  6202  6781  6448  6782  7018  6557  6449  6203,
             6558  6783  6559  6784  6327  6785  7268  6560  6676  7393,
             6677  6897  6678  6561  6328  6898  5979  6204  5980  6097,
             6205  6786  6899  5981  6098  5982  6099  5983  6562  6679,
             6787  6330  6900  7019  6901  6680  7020  6681  6332  6207,
             6333  6208  6106  6209  6107  6210  6108  6211  6109  6212,
             6110  6213  6334  6214  6111  6215  6112  6216  6335  6217,
             6336  6451  6563  6218  6564  6219  6452  6220  6682  6221,
             6902  7021  7142  7022  6903  7023  6904  7024  6905  7025,
             6906  7026  6907  6791  6337  6792  6908  7027  6565  7028,
             7143  7029  6793  6683  6566  7144  6909  6338  6222  6339,
             6223  6453  6224  6340  6225  6454  7145  7269  7146  6455,
             7147  7030  7148  7031  6341  7149  6342  7270  6226  6567,
             7150  7032  6794  6343  6684  7033  6456  7034  7151  6685,
             6910  6457  6911  6568  6912  6569  6686  6913  6687  6795,
             6344  6796  6914  6797  6570  6688  7152  6798  6915  6571,
             6689  6572  6799  6345  6227  6916  6228  6800  6229  6690,
             6230  7035  7153  7036  7154  6801  7037  6917  7038  7155,
             6346  7156  6347  6231  6573  6232  7157  7039  6918  7040,
             7158  6574  7041  7159  6919  7271  6233  6920  7160  7394,
             6921  7272  7521  7273  7395  6802  7274  7396  7042  7161,
             7397  7522  6348  7523  7649  6575  7650  6803  7524  7275,
             6234  6458  7276  6459  6576  6460  7162  6461  6235  6462,
             7043  6463  7044  6464  6804  7045  6577  6691  6805  6692,
             6578  6349  6579  6806  6580  6693  6581  6694
 print totals
 compute domain integral
