c
domain dnr_028
 symmetric
 normal plane nx 0  ny -1.0  nz 0.0
 front nodes   1481   1666   1851 linear verify
 function type b
 ignore crack face loading
 q-values     1666   1667   1668   1669   1670   1671   1672   1673,
              1674   1675   1676   1677   1678   1679   1680   1681,
              1682   1683   1684   1685   1686   1687   1688   1689,
              1690   1691   1692   1693   1694   1695   1696   1697,
              1698   1699   1700   1701   1702   1703   1704   1705,
              1706   1707   1708   1709   1710   1711   1712   1713,
              1714   1715   1716   1717   1718   1719   1720   1721,
              1722   1723   1724   1725   1726   1727   1728   1729,
              1730   1731   1732   1733   1734   1735   1736   1737,
              1738   1739   1740   1741   1742   1743   1744   1745,
              1746   1747   1748   1749   1750   1751   1752   1753,
              1754   1755   1756   1757   1758   1759   1760   1761,
              1762   1763   1764   1765   1766   1767   1768   1769,
              1770   1771   1772   1773   1774   1775   1776   1777,
              1778   1779   1780   1781   1782   1783   1784   1785,
              1786   1787   1788   1789   1790   1791   1792   1793,
              1794   1795   1796   1797   1798   1799   1800   1801,
              1802   1803   1804   1805   1806   1807   1808   1809,
              1810   1811   1812   1813   1814   1815   1816   1817,
              1818   1819   1820   1821   1822   1823   1824   1825,
              1826   1827   1828   1829   1830   1831   1832   1833,
              1834   1835   1836   1837   1838   1839   1840   1841,
              1842   1843   1844   1845   1846   1847   1848   1849,
              1850   7193   7194   7195   7196   7197   7198   7199,
              7200   7201   7202   7203   7204   7205   7206   7207,
              7208   7209   7210   7211   7212   7213   7214   7215,
              7216   7217   7218   7219   7220   7221   7222   7223,
              7224   7225   7226   7227   7228   7229   7230   7231,
              7232   7233   7234   7235   7236   7237   7238   7239,
              7240   7241   7242   7243   7244   7245   7246   7247,
              7248   7249   7250   7251   7252   7253   7254   7255,
              7256   7257   7258   7259   7260   7261   7262   7263,
              7264   7265   7266   7267   7268   7269   7270   7271,
              7272   7273   7274   7275   7276   7277   7278   7279,
              7280   7281   7282   7283   7284   7285   7286   7287,
              7288   7289   7290   7291   7292   7293   7294   7295,
              7296   7297   7298   7299   7300   7301   7302   7303,
              7304   7305   7306   7307   7308   7309   7310   7311,
              7312   7313   7314   7315   7316   7317   7318   7319,
              7320   7321   7322   7323   7324   7325   7326   7327,
              7328   7329   7330   7331   7332   7333   7334   7335,
              7336   7337   7338   7339   7340   7341   7342   7343,
              7344   7345 1.000
 elements      81   209    82   210    83   211    84   212    85   213,
               86   214    87   215    88   216    89   217    90   218,
               91   219    92   220    93   221    94   222    95   223,
               96   224    97   225    98   226    99   227   100   228,
              337   465   338   466   339   467   340   468   341   469,
              342   470   343   471   344   472   345   473   346   474,
              347   475   348   476   349   477   350   478   351   479,
              352   480   353   481   354   482   355   483   356   484,
             1373  1469  1374  1470  1375  1471  1376  1472  1593  1473,
             1594  1474  1595  1475  1596  1476  1597  1477  1598  1478,
             1599  1479  1600  1480  1601  1481  1602  1482  1603  1483,
             1604  1484  1605  1485  1606  1486  1607  1487  1608  1488,
             1609  1489  2149  1977  1610  2150  1490  1611  2151  2277,
             1612  2152  1491  1613  2153  2278  2401  2154  1492  2279,
             2155  1614  2280  2156  1493  2281  2157  1615  2282  2158,
             1494  2283  2159  1616  2284  2160  1495  2285  2161  1617,
             2286  2162  1496  2287  2163  1618  2402  2164  1497  2403,
             2165  1619  2404  2166  1498  2405  2167  1620  2406  2168,
             1499  2407  2169  1621  2408  2529  1500  1622  1885  1978,
             1886  1979  1887  1980  1888  1981  2101  1982  2102  1983,
             2103  1984  2104  1985  2105  1986  2106  1987  2107  1988,
             2108  1989  2109  1990  2110  1991  2111  1992  2112  1993,
             2113  1994  2114  1995  2115  1996  2116  1997  2117  2288,
             2118  1623  2119  2409  1998  2120  2410  2530  2121  2411,
             1999  2122  2531  2657  2785  2532  2000  2412  2533  2123,
             2413  2534  2001  2414  2535  2124  2415  2536  2002  2416,
             2537  2125  2417  2538  2003  2418  2539  2126  2419  2540,
             2004  2420  2541  2127  2289  2542  2005  2290  2543  2128,
             2291  2544  2006  2292  2545  2129  2293  2546  2007  2294,
             2547  2130  2658  2008  2295  2421  5777  5899  5778  5900,
             5779  5901  5780  5902  5781  5903  5782  5672  5783  5673,
             5784  5674  5785  5675  6018  5904  6019  5442  6020  5443,
             6021  5444  6022  5445  6023  6133  6024  6134  6025  6135,
             6026  6136  6027  6137  6255  5905  6138  6028  6139  6256,
             6140  6257  6377  6258  6378  5906  6141  5786  6142  5907,
             6143  5787  5908  6259  5909  5788  5910  6260  5911  6261,
             5912  6379  5789  6380  5790  6262  5791  5446  5792  5447,
             6502  5448  6029  5449  6030  5450  6031  5451  6263  5452,
             5555  6144  6381  6145  6382  5556  6146  6383  5676  5557,
             5677  5913  6032  5558  5914  6264  5915  6265  5793  6266,
             5794  6147  6384  5916  6503  6629  5678  5795  5453  5917,
             5454  5796  5455  5918  5456  6504  5457  5919  5458  5797,
             5459  5798  5460  5799  5461  6033  5462  6505  5463  5559,
             6034  5560  6035  5561  6753  5562  5563  5679  5564  5680,
             5565  5681  5566  5682  5567  5683  6148  5684  5800  5685,
             5801  6149  5802  6150  5803  6151  5920  6267  5921  6268,
             5922  6754  5923  6036  5577  5689  5578  5690  5579  5691,
             5580  5692  5581  5693  5582  6040  5583  5926  5584  5927,
             5585  5928  5586  5694  5587  5695  5588  5696  5589  5697,
             5590  5698  6391  6510  6392  6271  6393  6511  6394  6512,
             6630  6513  6631  6514  6632  6395  6515  6041  6396  6633,
             5806  6154  5807  6272  6397  5929  6273  5808  6398  5930,
             5699  5809  5591  5700  6634  5701  5810  5592  5811  6755,
             6042  5593  5702  6756  5703  5594  5704  5595  5705  5596,
             5706  5597  5707  5598  5708  5599  6043  5600  6044  6516,
             6045  6274  6046  6517  6047  6635  6048  6155  6275  6156,
             6518  6157  6049  6158  6399  6159  5931  6160  5932  6276,
             5812  6161  5813  5933  6162  5934  5709  6277  6636  5935,
             6637  6278  6757  5814  6279  6400  6050  6401  6280  6402,
             6519  6638  6520  6639  6403  6051  6404  6521  6640  6281,
             6405  6282  6406  6052  6053  6407  6054  6408  6641  6522,
             6055  6163  6758  5815  6881  7009  6164  6523  6524  6759,
             6525  6882  6283  6760  6642  6883  6526  7010  6409  6284,
             6643  6884
 print totals
 compute domain integral
c
domain dnr_029
 symmetric
 normal plane nx 0  ny -1.0  nz 0.0
 front nodes   1481   1666   1851 linear verify
 function type b
 ignore crack face loading
 q-values     1666   1667   1668   1669   1670   1671   1672   1673,
              1674   1675   1676   1677   1678   1679   1680   1681,
              1682   1683   1684   1685   1686   1687   1688   1689,
              1690   1691   1692   1693   1694   1695   1696   1697,
              1698   1699   1700   1701   1702   1703   1704   1705,
              1706   1707   1708   1709   1710   1711   1712   1713,
              1714   1715   1716   1717   1718   1719   1720   1721,
              1722   1723   1724   1725   1726   1727   1728   1729,
              1730   1731   1732   1733   1734   1735   1736   1737,
              1738   1739   1740   1741   1742   1743   1744   1745,
              1746   1747   1748   1749   1750   1751   1752   1753,
              1754   1755   1756   1757   1758   1759   1760   1761,
              1762   1763   1764   1765   1766   1767   1768   1769,
              1770   1771   1772   1773   1774   1775   1776   1777,
              1778   1779   1780   1781   1782   1783   1784   1785,
              1786   1787   1788   1789   1790   1791   1792   1793,
              1794   1795   1796   1797   1798   1799   1800   1801,
              1802   1803   1804   1805   1806   1807   1808   1809,
              1810   1811   1812   1813   1814   1815   1816   1817,
              1818   1819   1820   1821   1822   1823   1824   1825,
              1826   1827   1828   1829   1830   1831   1832   1833,
              1834   1835   1836   1837   1838   1839   1840   1841,
              1842   1843   1844   1845   1846   1847   1848   1849,
              1850   7193   7194   7195   7196   7197   7198   7199,
              7200   7201   7202   7203   7204   7205   7206   7207,
              7208   7209   7210   7211   7212   7213   7214   7215,
              7216   7217   7218   7219   7220   7221   7222   7223,
              7224   7225   7226   7227   7228   7229   7230   7231,
              7232   7233   7234   7235   7236   7237   7238   7239,
              7240   7241   7242   7243   7244   7245   7246   7247,
              7248   7249   7250   7251   7252   7253   7254   7255,
              7256   7257   7258   7259   7260   7261   7262   7263,
              7264   7265   7266   7267   7268   7269   7270   7271,
              7272   7273   7274   7275   7276   7277   7278   7279,
              7280   7281   7282   7283   7284   7285   7286   7287,
              7288   7289   7290   7291   7292   7293   7294   7295,
              7296   7297   7298   7299   7300   7301   7302   7303,
              7304   7305   7306   7307   7308   7309   7310   7311,
              7312   7313   7314   7315   7316   7317   7318   7319,
              7320   7321   7322   7323   7324   7325   7326   7327,
              7328   7329   7330   7331   7332   7333   7334   7335,
              7336   7337   7338   7339   7340   7341   7342   7343,
              7344   7345   7346   7347   7348   7349   7350   7351,
              7352   7353   7354   7355   7356   7357   7358   7359,
              7360 1.000
 elements      81   209    82   210    83   211    84   212    85   213,
               86   214    87   215    88   216    89   217    90   218,
               91   219    92   220    93   221    94   222    95   223,
               96   224    97   225    98   226    99   227   100   228,
              337   465   338   466   339   467   340   468   341   469,
              342   470   343   471   344   472   345   473   346   474,
              347   475   348   476   349   477   350   478   351   479,
              352   480   353   481   354   482   355   483   356   484,
             1373  1469  1374  1470  1375  1471  1376  1472  1593  1473,
             1594  1474  1595  1475  1596  1476  1597  1477  1598  1478,
             1599  1479  1600  1480  1601  1481  1602  1482  1603  1483,
             1604  1484  1605  1485  1606  1486  1607  1487  1608  1488,
             1609  1489  2149  1977  1610  2150  1490  1611  2151  2277,
             1612  2152  1491  1613  2153  2278  2401  2154  1492  2279,
             2155  1614  2280  2156  1493  2281  2157  1615  2282  2158,
             1494  2283  2159  1616  2284  2160  1495  2285  2161  1617,
             2286  2162  1496  2287  2163  1618  2402  2164  1497  2403,
             2165  1619  2404  2166  1498  2405  2167  1620  2406  2168,
             1499  2407  2169  1621  2408  2529  1500  1622  1885  1978,
             1886  1979  1887  1980  1888  1981  2101  1982  2102  1983,
             2103  1984  2104  1985  2105  1986  2106  1987  2107  1988,
             2108  1989  2109  1990  2110  1991  2111  1992  2112  1993,
             2113  1994  2114  1995  2115  1996  2116  1997  2117  2288,
             2118  1623  2119  2409  1998  2120  2410  2530  2121  2411,
             1999  2122  2531  2657  2785  2532  2000  2412  2533  2123,
             2413  2534  2001  2414  2535  2124  2415  2536  2002  2416,
             2537  2125  2417  2538  2003  2418  2539  2126  2419  2540,
             2004  2420  2541  2127  2289  2542  2005  2290  2543  2128,
             2291  2544  2006  2292  2545  2129  2293  2546  2007  2294,
             2547  2130  2658  2008  2295  2421  5777  5899  5778  5900,
             5779  5901  5780  5902  5781  5903  5782  5672  5783  5673,
             5784  5674  5785  5675  6018  5904  6019  5442  6020  5443,
             6021  5444  6022  5445  6023  6133  6024  6134  6025  6135,
             6026  6136  6027  6137  6255  5905  6138  6028  6139  6256,
             6140  6257  6377  6258  6378  5906  6141  5786  6142  5907,
             6143  5787  5908  6259  5909  5788  5910  6260  5911  6261,
             5912  6379  5789  6380  5790  6262  5791  5446  5792  5447,
             6502  5448  6029  5449  6030  5450  6031  5451  6263  5452,
             5555  6144  6381  6145  6382  5556  6146  6383  5676  5557,
             5677  5913  6032  5558  5914  6264  5915  6265  5793  6266,
             5794  6147  6384  5916  6503  6629  5678  5795  5453  5917,
             5454  5796  5455  5918  5456  6504  5457  5919  5458  5797,
             5459  5798  5460  5799  5461  6033  5462  6505  5463  5559,
             6034  5560  6035  5561  6753  5562  5563  5679  5564  5680,
             5565  5681  5566  5682  5567  5683  6148  5684  5800  5685,
             5801  6149  5802  6150  5803  6151  5920  6267  5921  6268,
             5922  6754  5923  6036  5924  6037  5464  6038  5465  5568,
             5466  5569  6039  5570  6152  5686  5804  5687  5577  5689,
             5578  5690  5579  5691  5580  5692  5581  5693  5582  6040,
             5583  5926  5584  5927  5585  5928  5586  5694  5587  5695,
             5588  5696  5589  5697  5590  5698  6391  6510  6392  6271,
             6393  6511  6394  6512  6630  6513  6631  6514  6632  6395,
             6515  6041  6396  6633  5806  6154  5807  6272  6397  5929,
             6273  5808  6398  5930  5699  5809  5591  5700  6634  5701,
             5810  5592  5811  6755  6042  5593  5702  6756  5703  5594,
             5704  5595  5705  5596  5706  5597  5707  5598  5708  5599,
             6043  5600  6044  6516  6045  6274  6046  6517  6047  6635,
             6048  6155  6275  6156  6518  6157  6049  6158  6399  6159,
             5931  6160  5932  6276  5812  6161  5813  5933  6162  5934,
             5709  6277  6636  5935  6637  6278  6757  5814  6279  6400,
             6050  6401  6280  6402  6519  6638  6520  6639  6403  6051,
             6404  6521  6640  6281  6405  6282  6406  6052  6053  6407,
             6054  6408  6641  6522  6055  6163  6758  5815  6881  7009,
             6164  6523  6524  6759  6525  6882  6283  6760  6642  6883,
             6526  7010  6409  6284  6643  6884  5710  6285  5711  5936,
             5712  6056  5713  5816  5714  5817  6057  6885  6165  6286
 print totals
 compute domain integral
c
domain dnr_030
 symmetric
 normal plane nx 0  ny -1.0  nz 0.0
 front nodes   1481   1666   1851 linear verify
 function type b
 ignore crack face loading
 q-values     1666   1667   1668   1669   1670   1671   1672   1673,
              1674   1675   1676   1677   1678   1679   1680   1681,
              1682   1683   1684   1685   1686   1687   1688   1689,
              1690   1691   1692   1693   1694   1695   1696   1697,
              1698   1699   1700   1701   1702   1703   1704   1705,
              1706   1707   1708   1709   1710   1711   1712   1713,
              1714   1715   1716   1717   1718   1719   1720   1721,
              1722   1723   1724   1725   1726   1727   1728   1729,
              1730   1731   1732   1733   1734   1735   1736   1737,
              1738   1739   1740   1741   1742   1743   1744   1745,
              1746   1747   1748   1749   1750   1751   1752   1753,
              1754   1755   1756   1757   1758   1759   1760   1761,
              1762   1763   1764   1765   1766   1767   1768   1769,
              1770   1771   1772   1773   1774   1775   1776   1777,
              1778   1779   1780   1781   1782   1783   1784   1785,
              1786   1787   1788   1789   1790   1791   1792   1793,
              1794   1795   1796   1797   1798   1799   1800   1801,
              1802   1803   1804   1805   1806   1807   1808   1809,
              1810   1811   1812   1813   1814   1815   1816   1817,
              1818   1819   1820   1821   1822   1823   1824   1825,
              1826   1827   1828   1829   1830   1831   1832   1833,
              1834   1835   1836   1837   1838   1839   1840   1841,
              1842   1843   1844   1845   1846   1847   1848   1849,
              1850   7193   7194   7195   7196   7197   7198   7199,
              7200   7201   7202   7203   7204   7205   7206   7207,
              7208   7209   7210   7211   7212   7213   7214   7215,
              7216   7217   7218   7219   7220   7221   7222   7223,
              7224   7225   7226   7227   7228   7229   7230   7231,
              7232   7233   7234   7235   7236   7237   7238   7239,
              7240   7241   7242   7243   7244   7245   7246   7247,
              7248   7249   7250   7251   7252   7253   7254   7255,
              7256   7257   7258   7259   7260   7261   7262   7263,
              7264   7265   7266   7267   7268   7269   7270   7271,
              7272   7273   7274   7275   7276   7277   7278   7279,
              7280   7281   7282   7283   7284   7285   7286   7287,
              7288   7289   7290   7291   7292   7293   7294   7295,
              7296   7297   7298   7299   7300   7301   7302   7303,
              7304   7305   7306   7307   7308   7309   7310   7311,
              7312   7313   7314   7315   7316   7317   7318   7319,
              7320   7321   7322   7323   7324   7325   7326   7327,
              7328   7329   7330   7331   7332   7333   7334   7335,
              7336   7337   7338   7339   7340   7341   7342   7343,
              7344   7345   7346   7347   7348   7349   7350   7351,
              7352   7353   7354   7355   7356   7357   7358   7359,
              7360   7361   7362   7363   7364   7365   7366   7367,
              7368   7369   7370   7371   7372   7373   7374   7375 1.000
 elements      81   209    82   210    83   211    84   212    85   213,
               86   214    87   215    88   216    89   217    90   218,
               91   219    92   220    93   221    94   222    95   223,
               96   224    97   225    98   226    99   227   100   228,
              337   465   338   466   339   467   340   468   341   469,
              342   470   343   471   344   472   345   473   346   474,
              347   475   348   476   349   477   350   478   351   479,
              352   480   353   481   354   482   355   483   356   484,
             1373  1469  1374  1470  1375  1471  1376  1472  1593  1473,
             1594  1474  1595  1475  1596  1476  1597  1477  1598  1478,
             1599  1479  1600  1480  1601  1481  1602  1482  1603  1483,
             1604  1484  1605  1485  1606  1486  1607  1487  1608  1488,
             1609  1489  2149  1977  1610  2150  1490  1611  2151  2277,
             1612  2152  1491  1613  2153  2278  2401  2154  1492  2279,
             2155  1614  2280  2156  1493  2281  2157  1615  2282  2158,
             1494  2283  2159  1616  2284  2160  1495  2285  2161  1617,
             2286  2162  1496  2287  2163  1618  2402  2164  1497  2403,
             2165  1619  2404  2166  1498  2405  2167  1620  2406  2168,
             1499  2407  2169  1621  2408  2529  1500  1622  1885  1978,
             1886  1979  1887  1980  1888  1981  2101  1982  2102  1983,
             2103  1984  2104  1985  2105  1986  2106  1987  2107  1988,
             2108  1989  2109  1990  2110  1991  2111  1992  2112  1993,
             2113  1994  2114  1995  2115  1996  2116  1997  2117  2288,
             2118  1623  2119  2409  1998  2120  2410  2530  2121  2411,
             1999  2122  2531  2657  2785  2532  2000  2412  2533  2123,
             2413  2534  2001  2414  2535  2124  2415  2536  2002  2416,
             2537  2125  2417  2538  2003  2418  2539  2126  2419  2540,
             2004  2420  2541  2127  2289  2542  2005  2290  2543  2128,
             2291  2544  2006  2292  2545  2129  2293  2546  2007  2294,
             2547  2130  2658  2008  2295  2421  5777  5899  5778  5900,
             5779  5901  5780  5902  5781  5903  5782  5672  5783  5673,
             5784  5674  5785  5675  6018  5904  6019  5442  6020  5443,
             6021  5444  6022  5445  6023  6133  6024  6134  6025  6135,
             6026  6136  6027  6137  6255  5905  6138  6028  6139  6256,
             6140  6257  6377  6258  6378  5906  6141  5786  6142  5907,
             6143  5787  5908  6259  5909  5788  5910  6260  5911  6261,
             5912  6379  5789  6380  5790  6262  5791  5446  5792  5447,
             6502  5448  6029  5449  6030  5450  6031  5451  6263  5452,
             5555  6144  6381  6145  6382  5556  6146  6383  5676  5557,
             5677  5913  6032  5558  5914  6264  5915  6265  5793  6266,
             5794  6147  6384  5916  6503  6629  5678  5795  5453  5917,
             5454  5796  5455  5918  5456  6504  5457  5919  5458  5797,
             5459  5798  5460  5799  5461  6033  5462  6505  5463  5559,
             6034  5560  6035  5561  6753  5562  5563  5679  5564  5680,
             5565  5681  5566  5682  5567  5683  6148  5684  5800  5685,
             5801  6149  5802  6150  5803  6151  5920  6267  5921  6268,
             5922  6754  5923  6036  5924  6037  5464  6038  5465  5568,
             5466  5569  6039  5570  6152  5686  5804  5687  6153  6385,
             6506  5805  6386  6507  6269  6387  6270  6388  6508  6389,
             6509  6390  5577  5689  5578  5690  5579  5691  5580  5692,
             5581  5693  5582  6040  5583  5926  5584  5927  5585  5928,
             5586  5694  5587  5695  5588  5696  5589  5697  5590  5698,
             6391  6510  6392  6271  6393  6511  6394  6512  6630  6513,
             6631  6514  6632  6395  6515  6041  6396  6633  5806  6154,
             5807  6272  6397  5929  6273  5808  6398  5930  5699  5809,
             5591  5700  6634  5701  5810  5592  5811  6755  6042  5593,
             5702  6756  5703  5594  5704  5595  5705  5596  5706  5597,
             5707  5598  5708  5599  6043  5600  6044  6516  6045  6274,
             6046  6517  6047  6635  6048  6155  6275  6156  6518  6157,
             6049  6158  6399  6159  5931  6160  5932  6276  5812  6161,
             5813  5933  6162  5934  5709  6277  6636  5935  6637  6278,
             6757  5814  6279  6400  6050  6401  6280  6402  6519  6638,
             6520  6639  6403  6051  6404  6521  6640  6281  6405  6282,
             6406  6052  6053  6407  6054  6408  6641  6522  6055  6163,
             6758  5815  6881  7009  6164  6523  6524  6759  6525  6882,
             6283  6760  6642  6883  6526  7010  6409  6284  6643  6884,
             5710  6285  5711  5936  5712  6056  5713  5816  5714  5817,
             6057  6885  6165  6286  5818  6644  6166  6287  6167  5819,
             5937  6168  5938  6645  5939  6288  5940  6058
 print totals
 compute domain integral
