c
domain dnr_007
 symmetric
 normal plane nx 0  ny -1.0  nz 0.0
 front nodes    186    371    556 linear verify
 function type b
 ignore crack face loading
 q-values      371    372    373    374    375    376    377    378,
               379    380    381    382    383    384    385    386,
               387    388    389    390    391    392    393    394,
               395    396    397    398    399    400    401    402,
               403    404    405    406    407    408    409    410,
               411    412    413    414    415    416    417    418,
               419    420    421    422    423    424    425    426,
               427    428    429    430    431    432    433    434,
               435    436    437    438    439    440    441    442,
               443    444    445    446    447    448    449    450,
               451    452    453    454    455    456    457    458,
               459    460    461    462    463    464    465    466,
               467    468    469    470    471    472    473    474,
               475    476    477    478    479    480    481    482,
               483    484    485    486    487    488    489    490,
               491    492    493    494    495    496    497    498,
               499    500    501    502    503    504    505    506,
               507    508    509    510    511    512    513    514,
               515    516    517    518    519    520    521    522,
               523    524    525    526    527    528    529    530,
               531    532    533    534    535    536    537    538,
               539    540    541    542    543    544    545    546,
               547    548    549    550    551    552    553    554,
               555   5777   5778   5779   5780   5781   5782   5783,
              5784   5785   5786   5787   5788   5789   5790   5791,
              5792   5793   5794   5795   5796   5797   5798   5799,
              5800   5801   5802   5803   5804   5805   5806   5807,
              5808   5809   5810   5811   5812   5813   5814   5815,
              5816   5817   5818   5819   5820   5821   5822   5823,
              5824   5825   5826   5827   5828   5829   5830   5831,
              5832   5833   5834   5835   5836   5837   5838   5839,
              5840   5841   5842   5843   5844   5845   5846   5847,
              5848   5849   5850   5851   5852   5853   5854   5855,
              5856   5857   5858   5859   5860   5861   5862   5863,
              5864   5865   5866   5867   5868   5869   5870   5871,
              5872   5873   5874   5875   5876   5877   5878   5879,
              5880   5881   5882   5883   5884   5885   5886   5887,
              5888   5889   5890   5891   5892   5893   5894   5895,
              5896   5897   5898   5899   5900   5901   5902   5903,
              5904   5905   5906   5907   5908   5909   5910   5911,
              5912   5913   5914   5915   5916   5917   5918   5919,
              5920   5921   5922   5923   5924   5925   5926   5927,
              5928   5929 1.000
 elements     257   385   258   386   259   387   260   388   261   389,
              262   390   263   391   264   392   265   393   266   394,
              267   395   268   396   269   397   270   398   271   399,
              272   400   273   401   274   402   275   403   276   404,
               21   149    22   150    23   151    24   152    25   153,
               26   154    27   155    28   156    29   157    30   158,
               31   159    32   160    33   161    34   162    35   163,
               36   164    37   165    38   166    39   167    40   168,
             1633  1761  1634  1762  1635  1763  1636  1764  1637  1765,
             1638  1766  1639  1767  1640  1768  1641  1769  1642  1770,
             1643  1771  1644  1772  1645  1773  1646  1774  1647  1775,
             1648  1776  1649  1777  1650  1778  1651  1779  1652  1780,
             1653  1781  1654  1526  1889  2017  1655  1890  2018  1782,
             1891  2019  1656  1892  2020  1783  1893  2021  1657  1894,
             2022  1784  1895  2023  1658  1896  2024  1785  1897  2025,
             1659  1898  2026  1786  1899  2027  1660  1900  2028  1787,
             1901  2029  1661  1902  2030  1788  1903  2031  1662  1904,
             2032  1789  1905  2033  1663  1906  2034  1790  1907  2035,
             1664  1908  2036  1791  1909  2037  1665  1910  1154  1280,
             1155  1281  1156  1282  1157  1283  1158  1284  1159  1285,
             1160  1286  1161  1287  1162  1288  1163  1289  1164  1290,
             1165  1291  1166  1292  1167  1293  1168  1294  1169  1295,
             1170  1296  1171  1297  1172  1298  1173  1299  1174  1300,
             1175  1400  1401  1527  1176  1402  1528  1301  1403  1529,
             1177  1404  1530  1302  1405  1531  1178  1406  1532  1303,
             1407  1533  1179  1408  1534  1304  1409  1535  1180  1410,
             1536  1305  1411  1537  1181  1412  1538  1306  1413  1539,
             1182  1414  1540  1307  1415  1541  1183  1416  1542  1308,
             1417  1543  1184  1418  1544  1309  1419  1545  1185  1420,
             1546  1310  1421  1547  1186  1422  4267  4368  4268  4369,
             4269  4370  4270  4371  4271  4372  4272  4373  4273  4374,
             4274  4375  4275  4376  4276  4377  4277  4378  4278  4379,
             4279  4380  4280  4381  4478  4590  4479  4591  4480  4592,
             4481  4593  4482  4594  4483  4595  4484  4596  4485  4597,
             4486  4598  4487  4599  4488  4600  4489  4601  4490  4602,
             4491  4603  4281  4382  4282  4383  4283  4384  4284  4385,
             4285  4386  4286  4387  4287  4388  4288  4389  4289  4390,
             4290  4391  4291  4392  4709  4393  4710  4394  4711  4395,
             4492  4604  4493  4605  4494  4606  4495  4607  4496  4608,
             4497  4609  4498  4610  4499  4611  4500  4612  4501  4613,
             4502  4614  4503  4615  4504  4616  4505  4617  4396  4712,
             4834  4397  4713  4835  4714  4398  4715  4836  4716  4399,
             4717  4837  4718  4400  4719  4838  4720  4839  4721  4840,
             4722  4841  4723  4842  4724  4843  4618  4961  4619  4962,
             4620  4963  4621  4964  4622  4965  5089  4966  5090  4967,
             5091  5217  5092  5218  5093  5219  5094  5220  5095  5221,
             5345  5222  5346  5223  4187  4732  4188  4733  4189  4734,
             4190  4735  4191  4736  4192  4737  4850  4738  4851  4739,
             4852  4740  4853  4741  4854  4742  4855  4743  4856  4744,
             4857  4745  4858  4970  4859  4971  4860  4972  4861  4973,
             4862  4974  4863  4975  5096  4976  5097  4977  5098  4978,
             5099  4979  5100  4980  5101  4981  5102  4982  5103  4983,
             4746  5104  4747  5105  4748  5106  4749  5107  4750  5108,
             4751  5224  4752  4864  4753  4865  4754  4866  4755  4867,
             4756  4868  4292  4869  4293  4870  4294  4871  4872  4984,
             5225  4985  5226  4986  5227  4873  4987  5228  4988  4874,
             4989  5109  4990  5110  4991  5111  4992  5112  4993  5113,
             4994  5114  4995  5115  4996  5116  4295  5347  4296  5117,
             4297  4401  4298  5118  4299  4402  4300  5119  4301  4403,
             4302  4875  4303  4404  4304  4405  4305  4406  4306  4407,
             4307  4408  4308  4409  4512  5473  4513  5348  4514  5349,
             4515  5350  4516  5474  4517  4630  4518  4631  4410  5601,
             5729  5475  5602  5476  5603  5477  5604  5730  5605  5478,
             5606  5479
 print totals
 compute domain integral
c
domain dnr_008
 symmetric
 normal plane nx 0  ny -1.0  nz 0.0
 front nodes    186    371    556 linear verify
 function type b
 ignore crack face loading
 q-values      371    372    373    374    375    376    377    378,
               379    380    381    382    383    384    385    386,
               387    388    389    390    391    392    393    394,
               395    396    397    398    399    400    401    402,
               403    404    405    406    407    408    409    410,
               411    412    413    414    415    416    417    418,
               419    420    421    422    423    424    425    426,
               427    428    429    430    431    432    433    434,
               435    436    437    438    439    440    441    442,
               443    444    445    446    447    448    449    450,
               451    452    453    454    455    456    457    458,
               459    460    461    462    463    464    465    466,
               467    468    469    470    471    472    473    474,
               475    476    477    478    479    480    481    482,
               483    484    485    486    487    488    489    490,
               491    492    493    494    495    496    497    498,
               499    500    501    502    503    504    505    506,
               507    508    509    510    511    512    513    514,
               515    516    517    518    519    520    521    522,
               523    524    525    526    527    528    529    530,
               531    532    533    534    535    536    537    538,
               539    540    541    542    543    544    545    546,
               547    548    549    550    551    552    553    554,
               555   5777   5778   5779   5780   5781   5782   5783,
              5784   5785   5786   5787   5788   5789   5790   5791,
              5792   5793   5794   5795   5796   5797   5798   5799,
              5800   5801   5802   5803   5804   5805   5806   5807,
              5808   5809   5810   5811   5812   5813   5814   5815,
              5816   5817   5818   5819   5820   5821   5822   5823,
              5824   5825   5826   5827   5828   5829   5830   5831,
              5832   5833   5834   5835   5836   5837   5838   5839,
              5840   5841   5842   5843   5844   5845   5846   5847,
              5848   5849   5850   5851   5852   5853   5854   5855,
              5856   5857   5858   5859   5860   5861   5862   5863,
              5864   5865   5866   5867   5868   5869   5870   5871,
              5872   5873   5874   5875   5876   5877   5878   5879,
              5880   5881   5882   5883   5884   5885   5886   5887,
              5888   5889   5890   5891   5892   5893   5894   5895,
              5896   5897   5898   5899   5900   5901   5902   5903,
              5904   5905   5906   5907   5908   5909   5910   5911,
              5912   5913   5914   5915   5916   5917   5918   5919,
              5920   5921   5922   5923   5924   5925   5926   5927,
              5928   5929   5930   5931   5932   5933   5934   5935,
              5936   5937   5938   5939   5940   5941   5942   5943,
              5944 1.000
 elements     257   385   258   386   259   387   260   388   261   389,
              262   390   263   391   264   392   265   393   266   394,
              267   395   268   396   269   397   270   398   271   399,
              272   400   273   401   274   402   275   403   276   404,
               21   149    22   150    23   151    24   152    25   153,
               26   154    27   155    28   156    29   157    30   158,
               31   159    32   160    33   161    34   162    35   163,
               36   164    37   165    38   166    39   167    40   168,
             1633  1761  1634  1762  1635  1763  1636  1764  1637  1765,
             1638  1766  1639  1767  1640  1768  1641  1769  1642  1770,
             1643  1771  1644  1772  1645  1773  1646  1774  1647  1775,
             1648  1776  1649  1777  1650  1778  1651  1779  1652  1780,
             1653  1781  1654  1526  1889  2017  1655  1890  2018  1782,
             1891  2019  1656  1892  2020  1783  1893  2021  1657  1894,
             2022  1784  1895  2023  1658  1896  2024  1785  1897  2025,
             1659  1898  2026  1786  1899  2027  1660  1900  2028  1787,
             1901  2029  1661  1902  2030  1788  1903  2031  1662  1904,
             2032  1789  1905  2033  1663  1906  2034  1790  1907  2035,
             1664  1908  2036  1791  1909  2037  1665  1910  1154  1280,
             1155  1281  1156  1282  1157  1283  1158  1284  1159  1285,
             1160  1286  1161  1287  1162  1288  1163  1289  1164  1290,
             1165  1291  1166  1292  1167  1293  1168  1294  1169  1295,
             1170  1296  1171  1297  1172  1298  1173  1299  1174  1300,
             1175  1400  1401  1527  1176  1402  1528  1301  1403  1529,
             1177  1404  1530  1302  1405  1531  1178  1406  1532  1303,
             1407  1533  1179  1408  1534  1304  1409  1535  1180  1410,
             1536  1305  1411  1537  1181  1412  1538  1306  1413  1539,
             1182  1414  1540  1307  1415  1541  1183  1416  1542  1308,
             1417  1543  1184  1418  1544  1309  1419  1545  1185  1420,
             1546  1310  1421  1547  1186  1422  4267  4368  4268  4369,
             4269  4370  4270  4371  4271  4372  4272  4373  4273  4374,
             4274  4375  4275  4376  4276  4377  4277  4378  4278  4379,
             4279  4380  4280  4381  4478  4590  4479  4591  4480  4592,
             4481  4593  4482  4594  4483  4595  4484  4596  4485  4597,
             4486  4598  4487  4599  4488  4600  4489  4601  4490  4602,
             4491  4603  4281  4382  4282  4383  4283  4384  4284  4385,
             4285  4386  4286  4387  4287  4388  4288  4389  4289  4390,
             4290  4391  4291  4392  4709  4393  4710  4394  4711  4395,
             4492  4604  4493  4605  4494  4606  4495  4607  4496  4608,
             4497  4609  4498  4610  4499  4611  4500  4612  4501  4613,
             4502  4614  4503  4615  4504  4616  4505  4617  4396  4712,
             4834  4397  4713  4835  4714  4398  4715  4836  4716  4399,
             4717  4837  4718  4400  4719  4838  4720  4839  4721  4840,
             4722  4841  4723  4842  4724  4843  4618  4961  4619  4962,
             4620  4963  4621  4964  4622  4965  5089  4966  5090  4967,
             5091  5217  5092  5218  5093  5219  5094  5220  5095  5221,
             5345  5222  5346  5223  4623  4725  4624  4726  4625  4727,
             4626  4728  4627  4729  4844  4730  4845  4731  4187  4732,
             4188  4733  4189  4734  4190  4735  4191  4736  4192  4737,
             4850  4738  4851  4739  4852  4740  4853  4741  4854  4742,
             4855  4743  4856  4744  4857  4745  4858  4970  4859  4971,
             4860  4972  4861  4973  4862  4974  4863  4975  5096  4976,
             5097  4977  5098  4978  5099  4979  5100  4980  5101  4981,
             5102  4982  5103  4983  4746  5104  4747  5105  4748  5106,
             4749  5107  4750  5108  4751  5224  4752  4864  4753  4865,
             4754  4866  4755  4867  4756  4868  4292  4869  4293  4870,
             4294  4871  4872  4984  5225  4985  5226  4986  5227  4873,
             4987  5228  4988  4874  4989  5109  4990  5110  4991  5111,
             4992  5112  4993  5113  4994  5114  4995  5115  4996  5116,
             4295  5347  4296  5117  4297  4401  4298  5118  4299  4402,
             4300  5119  4301  4403  4302  4875  4303  4404  4304  4405,
             4305  4406  4306  4407  4307  4408  4308  4409  4512  5473,
             4513  5348  4514  5349  4515  5350  4516  5474  4517  4630,
             4518  4631  4410  5601  5729  5475  5602  5476  5603  5477,
             5604  5730  5605  5478  5606  5479  4309  4997  4310  4411,
             4311  4412  4312  4413  4313  4414  4314  4415  4315  4416
 print totals
 compute domain integral
c
domain dnr_009
 symmetric
 normal plane nx 0  ny -1.0  nz 0.0
 front nodes    186    371    556 linear verify
 function type b
 ignore crack face loading
 q-values      371    372    373    374    375    376    377    378,
               379    380    381    382    383    384    385    386,
               387    388    389    390    391    392    393    394,
               395    396    397    398    399    400    401    402,
               403    404    405    406    407    408    409    410,
               411    412    413    414    415    416    417    418,
               419    420    421    422    423    424    425    426,
               427    428    429    430    431    432    433    434,
               435    436    437    438    439    440    441    442,
               443    444    445    446    447    448    449    450,
               451    452    453    454    455    456    457    458,
               459    460    461    462    463    464    465    466,
               467    468    469    470    471    472    473    474,
               475    476    477    478    479    480    481    482,
               483    484    485    486    487    488    489    490,
               491    492    493    494    495    496    497    498,
               499    500    501    502    503    504    505    506,
               507    508    509    510    511    512    513    514,
               515    516    517    518    519    520    521    522,
               523    524    525    526    527    528    529    530,
               531    532    533    534    535    536    537    538,
               539    540    541    542    543    544    545    546,
               547    548    549    550    551    552    553    554,
               555   5777   5778   5779   5780   5781   5782   5783,
              5784   5785   5786   5787   5788   5789   5790   5791,
              5792   5793   5794   5795   5796   5797   5798   5799,
              5800   5801   5802   5803   5804   5805   5806   5807,
              5808   5809   5810   5811   5812   5813   5814   5815,
              5816   5817   5818   5819   5820   5821   5822   5823,
              5824   5825   5826   5827   5828   5829   5830   5831,
              5832   5833   5834   5835   5836   5837   5838   5839,
              5840   5841   5842   5843   5844   5845   5846   5847,
              5848   5849   5850   5851   5852   5853   5854   5855,
              5856   5857   5858   5859   5860   5861   5862   5863,
              5864   5865   5866   5867   5868   5869   5870   5871,
              5872   5873   5874   5875   5876   5877   5878   5879,
              5880   5881   5882   5883   5884   5885   5886   5887,
              5888   5889   5890   5891   5892   5893   5894   5895,
              5896   5897   5898   5899   5900   5901   5902   5903,
              5904   5905   5906   5907   5908   5909   5910   5911,
              5912   5913   5914   5915   5916   5917   5918   5919,
              5920   5921   5922   5923   5924   5925   5926   5927,
              5928   5929   5930   5931   5932   5933   5934   5935,
              5936   5937   5938   5939   5940   5941   5942   5943,
              5944   5945   5946   5947   5948   5949   5950   5951,
              5952   5953   5954   5955   5956   5957   5958   5959 1.000
 elements     257   385   258   386   259   387   260   388   261   389,
              262   390   263   391   264   392   265   393   266   394,
              267   395   268   396   269   397   270   398   271   399,
              272   400   273   401   274   402   275   403   276   404,
               21   149    22   150    23   151    24   152    25   153,
               26   154    27   155    28   156    29   157    30   158,
               31   159    32   160    33   161    34   162    35   163,
               36   164    37   165    38   166    39   167    40   168,
             1633  1761  1634  1762  1635  1763  1636  1764  1637  1765,
             1638  1766  1639  1767  1640  1768  1641  1769  1642  1770,
             1643  1771  1644  1772  1645  1773  1646  1774  1647  1775,
             1648  1776  1649  1777  1650  1778  1651  1779  1652  1780,
             1653  1781  1654  1526  1889  2017  1655  1890  2018  1782,
             1891  2019  1656  1892  2020  1783  1893  2021  1657  1894,
             2022  1784  1895  2023  1658  1896  2024  1785  1897  2025,
             1659  1898  2026  1786  1899  2027  1660  1900  2028  1787,
             1901  2029  1661  1902  2030  1788  1903  2031  1662  1904,
             2032  1789  1905  2033  1663  1906  2034  1790  1907  2035,
             1664  1908  2036  1791  1909  2037  1665  1910  1154  1280,
             1155  1281  1156  1282  1157  1283  1158  1284  1159  1285,
             1160  1286  1161  1287  1162  1288  1163  1289  1164  1290,
             1165  1291  1166  1292  1167  1293  1168  1294  1169  1295,
             1170  1296  1171  1297  1172  1298  1173  1299  1174  1300,
             1175  1400  1401  1527  1176  1402  1528  1301  1403  1529,
             1177  1404  1530  1302  1405  1531  1178  1406  1532  1303,
             1407  1533  1179  1408  1534  1304  1409  1535  1180  1410,
             1536  1305  1411  1537  1181  1412  1538  1306  1413  1539,
             1182  1414  1540  1307  1415  1541  1183  1416  1542  1308,
             1417  1543  1184  1418  1544  1309  1419  1545  1185  1420,
             1546  1310  1421  1547  1186  1422  4267  4368  4268  4369,
             4269  4370  4270  4371  4271  4372  4272  4373  4273  4374,
             4274  4375  4275  4376  4276  4377  4277  4378  4278  4379,
             4279  4380  4280  4381  4478  4590  4479  4591  4480  4592,
             4481  4593  4482  4594  4483  4595  4484  4596  4485  4597,
             4486  4598  4487  4599  4488  4600  4489  4601  4490  4602,
             4491  4603  4281  4382  4282  4383  4283  4384  4284  4385,
             4285  4386  4286  4387  4287  4388  4288  4389  4289  4390,
             4290  4391  4291  4392  4709  4393  4710  4394  4711  4395,
             4492  4604  4493  4605  4494  4606  4495  4607  4496  4608,
             4497  4609  4498  4610  4499  4611  4500  4612  4501  4613,
             4502  4614  4503  4615  4504  4616  4505  4617  4396  4712,
             4834  4397  4713  4835  4714  4398  4715  4836  4716  4399,
             4717  4837  4718  4400  4719  4838  4720  4839  4721  4840,
             4722  4841  4723  4842  4724  4843  4618  4961  4619  4962,
             4620  4963  4621  4964  4622  4965  5089  4966  5090  4967,
             5091  5217  5092  5218  5093  5219  5094  5220  5095  5221,
             5345  5222  5346  5223  4623  4725  4624  4726  4625  4727,
             4626  4728  4627  4729  4844  4730  4845  4731  4506  4846,
             4507  4847  4508  4848  4509  4849  4510  4968  4511  4628,
             4969  4629  4187  4732  4188  4733  4189  4734  4190  4735,
             4191  4736  4192  4737  4850  4738  4851  4739  4852  4740,
             4853  4741  4854  4742  4855  4743  4856  4744  4857  4745,
             4858  4970  4859  4971  4860  4972  4861  4973  4862  4974,
             4863  4975  5096  4976  5097  4977  5098  4978  5099  4979,
             5100  4980  5101  4981  5102  4982  5103  4983  4746  5104,
             4747  5105  4748  5106  4749  5107  4750  5108  4751  5224,
             4752  4864  4753  4865  4754  4866  4755  4867  4756  4868,
             4292  4869  4293  4870  4294  4871  4872  4984  5225  4985,
             5226  4986  5227  4873  4987  5228  4988  4874  4989  5109,
             4990  5110  4991  5111  4992  5112  4993  5113  4994  5114,
             4995  5115  4996  5116  4295  5347  4296  5117  4297  4401,
             4298  5118  4299  4402  4300  5119  4301  4403  4302  4875,
             4303  4404  4304  4405  4305  4406  4306  4407  4307  4408,
             4308  4409  4512  5473  4513  5348  4514  5349  4515  5350,
             4516  5474  4517  4630  4518  4631  4410  5601  5729  5475,
             5602  5476  5603  5477  5604  5730  5605  5478  5606  5479,
             4309  4997  4310  4411  4311  4412  4312  4413  4313  4414,
             4314  4415  4315  4416  4417  5120  5229  4998  5121  4999,
             5122  5000  5123  5230  5124  5231  5125  5232
 print totals
 compute domain integral
