c
domain dnr_025
 symmetric
 normal plane nx 0  ny -1.0  nz 0.0
 front nodes   1296   1481   1666 linear verify
 function type b
 ignore crack face loading
 q-values     1481   1482   1483   1484   1485   1486   1487   1488,
              1489   1490   1491   1492   1493   1494   1495   1496,
              1497   1498   1499   1500   1501   1502   1503   1504,
              1505   1506   1507   1508   1509   1510   1511   1512,
              1513   1514   1515   1516   1517   1518   1519   1520,
              1521   1522   1523   1524   1525   1526   1527   1528,
              1529   1530   1531   1532   1533   1534   1535   1536,
              1537   1538   1539   1540   1541   1542   1543   1544,
              1545   1546   1547   1548   1549   1550   1551   1552,
              1553   1554   1555   1556   1557   1558   1559   1560,
              1561   1562   1563   1564   1565   1566   1567   1568,
              1569   1570   1571   1572   1573   1574   1575   1576,
              1577   1578   1579   1580   1581   1582   1583   1584,
              1585   1586   1587   1588   1589   1590   1591   1592,
              1593   1594   1595   1596   1597   1598   1599   1600,
              1601   1602   1603   1604   1605   1606   1607   1608,
              1609   1610   1611   1612   1613   1614   1615   1616,
              1617   1618   1619   1620   1621   1622   1623   1624,
              1625   1626   1627   1628   1629   1630   1631   1632,
              1633   1634   1635   1636   1637   1638   1639   1640,
              1641   1642   1643   1644   1645   1646   1647   1648,
              1649   1650   1651   1652   1653   1654   1655   1656,
              1657   1658   1659   1660   1661   1662   1663   1664,
              1665   6980   6981   6982   6983   6984   6985   6986,
              6987   6988   6989   6990   6991   6992   6993   6994,
              6995   6996   6997   6998   6999   7000   7001   7002,
              7003   7004   7005   7006   7007   7008   7009   7010,
              7011   7012   7013   7014   7015   7016   7017   7018,
              7019   7020   7021   7022   7023   7024   7025   7026,
              7027   7028   7029   7030   7031   7032   7033   7034,
              7035   7036   7037   7038   7039   7040   7041   7042,
              7043   7044   7045   7046   7047   7048   7049   7050,
              7051   7052   7053   7054   7055   7056   7057   7058,
              7059   7060   7061   7062   7063   7064   7065   7066,
              7067   7068   7069   7070   7071   7072   7073   7074,
              7075   7076   7077   7078   7079   7080   7081   7082,
              7083   7084   7085   7086   7087   7088   7089   7090,
              7091   7092   7093   7094   7095   7096   7097   7098,
              7099   7100   7101   7102   7103   7104   7105   7106,
              7107   7108   7109   7110   7111   7112   7113   7114,
              7115   7116   7117   7118   7119   7120   7121   7122,
              7123   7124   7125   7126   7127   7128   7129   7130,
              7131   7132 1.000
 elements     317   445   318   446   319   447   320   448   321   449,
              322   450   323   451   324   452   325   453   326   454,
              327   455   328   456   329   457   330   458   331   459,
              332   460   333   461   334   462   335   463   336   464,
               81   209    82   210    83   211    84   212    85   213,
               86   214    87   215    88   216    89   217    90   218,
               91   219    92   220    93   221    94   222    95   223,
               96   224    97   225    98   226    99   227   100   228,
             1732  1854  1733  1855  1734  1856  1735  1857  1736  1858,
             1737  1859  1738  1860  1739  1861  1740  1862  1741  1863,
             1742  1864  1743  1865  1744  1866  1745  1867  1746  1868,
             1747  1869  1748  1870  1749  1871  1750  1872  1751  1873,
             1752  1874  1753  1592  1955  2080  1754  1956  2081  1875,
             1957  2082  1755  1958  2083  1876  1959  2084  1756  1960,
             2085  1877  1961  2086  1757  1962  2087  1878  1963  2088,
             1758  1964  2089  1879  1965  2090  1759  1966  2091  1880,
             1967  2092  1760  1968  2093  1881  1969  2094  2273  1970,
             2095  1882  1971  2096  2274  1972  2097  1883  1973  2098,
             2275  1974  2099  1884  1975  2100  2276  1976  1373  1469,
             1374  1470  1375  1471  1376  1472  1593  1473  1594  1474,
             1595  1475  1596  1476  1597  1477  1598  1478  1599  1479,
             1600  1480  1601  1481  1602  1482  1603  1483  1604  1484,
             1605  1485  1606  1486  1607  1487  1608  1488  1609  1489,
             2149  1977  1610  2150  1490  1611  2151  2277  1612  2152,
             1491  1613  2153  2278  2401  2154  1492  2279  2155  1614,
             2280  2156  1493  2281  2157  1615  2282  2158  1494  2283,
             2159  1616  2284  2160  1495  2285  2161  1617  2286  2162,
             1496  2287  2163  1618  2402  2164  1497  2403  2165  1619,
             2404  2166  1498  2405  2167  1620  2406  2168  1499  2407,
             2169  1621  2408  2529  1500  1622  5307  5419  5308  5420,
             5309  5421  5310  5422  5311  5423  5312  5424  5313  5425,
             5314  5426  5315  5427  5316  5428  5317  5527  5318  5528,
             5319  5529  5320  5530  5531  5647  5532  5648  5533  5649,
             5534  5650  5535  5651  5536  6001  5537  5883  5538  5884,
             5539  5885  5540  5764  5652  5765  5653  5886  5654  5766,
             5655  5887  5321  5429  5322  5430  5323  5431  5324  5432,
             5325  5433  5326  5434  5327  5435  5328  6002  5329  6003,
             5330  6119  5331  5541  5332  5542  5333  5543  5334  5544,
             5656  5767  5657  5545  5658  5768  5659  5546  5769  6120,
             6243  5547  5660  6121  5661  5548  5662  5549  5663  5550,
             5664  5888  5665  6122  5666  5770  5889  6004  5335  6005,
             6244  5890  6006  5336  6007  5891  6008  5337  6369  5338,
             6245  5339  6370  5340  6123  5341  6124  5892  6009  6246,
             5771  6247  6371  6125  6248  5342  5210  6372  5211  6249,
             5212  6010  5213  6497  5214  6373  5215  5436  5216  5437,
             5343  6498  6625  6374  6499  6250  6626  6126  6627  6500,
             6628  6375  6501  6376  5777  5899  5778  5900  5779  5901,
             5780  5902  5781  5903  5782  5672  5783  5673  5784  5674,
             5785  5675  6018  5904  6019  5442  6020  5443  6021  5444,
             6022  5445  6023  6133  6024  6134  6025  6135  6026  6136,
             6027  6137  6255  5905  6138  6028  6139  6256  6140  6257,
             6377  6258  6378  5906  6141  5786  6142  5907  6143  5787,
             5908  6259  5909  5788  5910  6260  5911  6261  5912  6379,
             5789  6380  5790  6262  5791  5446  5792  5447  6502  5448,
             6029  5449  6030  5450  6031  5451  6263  5452  5555  6144,
             6381  6145  6382  5556  6146  6383  5676  5557  5677  5913,
             6032  5558  5914  6264  5915  6265  5793  6266  5794  6147,
             6384  5916  6503  6629  5678  5795  5453  5917  5454  5796,
             5455  5918  5456  6504  5457  5919  5458  5797  5459  5798,
             5460  5799  5461  6033  5462  6505  5463  5559  6034  5560,
             6035  5561  6753  5562  5563  5679  5564  5680  5565  5681,
             5566  5682  5567  5683  6148  5684  5800  5685  5801  6149,
             5802  6150  5803  6151  5920  6267  5921  6268  5922  6754,
             5923  6036
 print totals
 compute domain integral
c
domain dnr_026
 symmetric
 normal plane nx 0  ny -1.0  nz 0.0
 front nodes   1296   1481   1666 linear verify
 function type b
 ignore crack face loading
 q-values     1481   1482   1483   1484   1485   1486   1487   1488,
              1489   1490   1491   1492   1493   1494   1495   1496,
              1497   1498   1499   1500   1501   1502   1503   1504,
              1505   1506   1507   1508   1509   1510   1511   1512,
              1513   1514   1515   1516   1517   1518   1519   1520,
              1521   1522   1523   1524   1525   1526   1527   1528,
              1529   1530   1531   1532   1533   1534   1535   1536,
              1537   1538   1539   1540   1541   1542   1543   1544,
              1545   1546   1547   1548   1549   1550   1551   1552,
              1553   1554   1555   1556   1557   1558   1559   1560,
              1561   1562   1563   1564   1565   1566   1567   1568,
              1569   1570   1571   1572   1573   1574   1575   1576,
              1577   1578   1579   1580   1581   1582   1583   1584,
              1585   1586   1587   1588   1589   1590   1591   1592,
              1593   1594   1595   1596   1597   1598   1599   1600,
              1601   1602   1603   1604   1605   1606   1607   1608,
              1609   1610   1611   1612   1613   1614   1615   1616,
              1617   1618   1619   1620   1621   1622   1623   1624,
              1625   1626   1627   1628   1629   1630   1631   1632,
              1633   1634   1635   1636   1637   1638   1639   1640,
              1641   1642   1643   1644   1645   1646   1647   1648,
              1649   1650   1651   1652   1653   1654   1655   1656,
              1657   1658   1659   1660   1661   1662   1663   1664,
              1665   6980   6981   6982   6983   6984   6985   6986,
              6987   6988   6989   6990   6991   6992   6993   6994,
              6995   6996   6997   6998   6999   7000   7001   7002,
              7003   7004   7005   7006   7007   7008   7009   7010,
              7011   7012   7013   7014   7015   7016   7017   7018,
              7019   7020   7021   7022   7023   7024   7025   7026,
              7027   7028   7029   7030   7031   7032   7033   7034,
              7035   7036   7037   7038   7039   7040   7041   7042,
              7043   7044   7045   7046   7047   7048   7049   7050,
              7051   7052   7053   7054   7055   7056   7057   7058,
              7059   7060   7061   7062   7063   7064   7065   7066,
              7067   7068   7069   7070   7071   7072   7073   7074,
              7075   7076   7077   7078   7079   7080   7081   7082,
              7083   7084   7085   7086   7087   7088   7089   7090,
              7091   7092   7093   7094   7095   7096   7097   7098,
              7099   7100   7101   7102   7103   7104   7105   7106,
              7107   7108   7109   7110   7111   7112   7113   7114,
              7115   7116   7117   7118   7119   7120   7121   7122,
              7123   7124   7125   7126   7127   7128   7129   7130,
              7131   7132   7133   7134   7135   7136   7137   7138,
              7139   7140   7141   7142   7143   7144   7145   7146,
              7147 1.000
 elements     317   445   318   446   319   447   320   448   321   449,
              322   450   323   451   324   452   325   453   326   454,
              327   455   328   456   329   457   330   458   331   459,
              332   460   333   461   334   462   335   463   336   464,
               81   209    82   210    83   211    84   212    85   213,
               86   214    87   215    88   216    89   217    90   218,
               91   219    92   220    93   221    94   222    95   223,
               96   224    97   225    98   226    99   227   100   228,
             1732  1854  1733  1855  1734  1856  1735  1857  1736  1858,
             1737  1859  1738  1860  1739  1861  1740  1862  1741  1863,
             1742  1864  1743  1865  1744  1866  1745  1867  1746  1868,
             1747  1869  1748  1870  1749  1871  1750  1872  1751  1873,
             1752  1874  1753  1592  1955  2080  1754  1956  2081  1875,
             1957  2082  1755  1958  2083  1876  1959  2084  1756  1960,
             2085  1877  1961  2086  1757  1962  2087  1878  1963  2088,
             1758  1964  2089  1879  1965  2090  1759  1966  2091  1880,
             1967  2092  1760  1968  2093  1881  1969  2094  2273  1970,
             2095  1882  1971  2096  2274  1972  2097  1883  1973  2098,
             2275  1974  2099  1884  1975  2100  2276  1976  1373  1469,
             1374  1470  1375  1471  1376  1472  1593  1473  1594  1474,
             1595  1475  1596  1476  1597  1477  1598  1478  1599  1479,
             1600  1480  1601  1481  1602  1482  1603  1483  1604  1484,
             1605  1485  1606  1486  1607  1487  1608  1488  1609  1489,
             2149  1977  1610  2150  1490  1611  2151  2277  1612  2152,
             1491  1613  2153  2278  2401  2154  1492  2279  2155  1614,
             2280  2156  1493  2281  2157  1615  2282  2158  1494  2283,
             2159  1616  2284  2160  1495  2285  2161  1617  2286  2162,
             1496  2287  2163  1618  2402  2164  1497  2403  2165  1619,
             2404  2166  1498  2405  2167  1620  2406  2168  1499  2407,
             2169  1621  2408  2529  1500  1622  5307  5419  5308  5420,
             5309  5421  5310  5422  5311  5423  5312  5424  5313  5425,
             5314  5426  5315  5427  5316  5428  5317  5527  5318  5528,
             5319  5529  5320  5530  5531  5647  5532  5648  5533  5649,
             5534  5650  5535  5651  5536  6001  5537  5883  5538  5884,
             5539  5885  5540  5764  5652  5765  5653  5886  5654  5766,
             5655  5887  5321  5429  5322  5430  5323  5431  5324  5432,
             5325  5433  5326  5434  5327  5435  5328  6002  5329  6003,
             5330  6119  5331  5541  5332  5542  5333  5543  5334  5544,
             5656  5767  5657  5545  5658  5768  5659  5546  5769  6120,
             6243  5547  5660  6121  5661  5548  5662  5549  5663  5550,
             5664  5888  5665  6122  5666  5770  5889  6004  5335  6005,
             6244  5890  6006  5336  6007  5891  6008  5337  6369  5338,
             6245  5339  6370  5340  6123  5341  6124  5892  6009  6246,
             5771  6247  6371  6125  6248  5342  5210  6372  5211  6249,
             5212  6010  5213  6497  5214  6373  5215  5436  5216  5437,
             5343  6498  6625  6374  6499  6250  6626  6126  6627  6500,
             6628  6375  6501  6376  5438  5551  5667  5552  5344  5668,
             6011  5669  5772  5439  5773  5440  5553  5441  5777  5899,
             5778  5900  5779  5901  5780  5902  5781  5903  5782  5672,
             5783  5673  5784  5674  5785  5675  6018  5904  6019  5442,
             6020  5443  6021  5444  6022  5445  6023  6133  6024  6134,
             6025  6135  6026  6136  6027  6137  6255  5905  6138  6028,
             6139  6256  6140  6257  6377  6258  6378  5906  6141  5786,
             6142  5907  6143  5787  5908  6259  5909  5788  5910  6260,
             5911  6261  5912  6379  5789  6380  5790  6262  5791  5446,
             5792  5447  6502  5448  6029  5449  6030  5450  6031  5451,
             6263  5452  5555  6144  6381  6145  6382  5556  6146  6383,
             5676  5557  5677  5913  6032  5558  5914  6264  5915  6265,
             5793  6266  5794  6147  6384  5916  6503  6629  5678  5795,
             5453  5917  5454  5796  5455  5918  5456  6504  5457  5919,
             5458  5797  5459  5798  5460  5799  5461  6033  5462  6505,
             5463  5559  6034  5560  6035  5561  6753  5562  5563  5679,
             5564  5680  5565  5681  5566  5682  5567  5683  6148  5684,
             5800  5685  5801  6149  5802  6150  5803  6151  5920  6267,
             5921  6268  5922  6754  5923  6036  5924  6037  5464  6038,
             5465  5568  5466  5569  6039  5570  6152  5686  5804  5687
 print totals
 compute domain integral
c
domain dnr_027
 symmetric
 normal plane nx 0  ny -1.0  nz 0.0
 front nodes   1296   1481   1666 linear verify
 function type b
 ignore crack face loading
 q-values     1481   1482   1483   1484   1485   1486   1487   1488,
              1489   1490   1491   1492   1493   1494   1495   1496,
              1497   1498   1499   1500   1501   1502   1503   1504,
              1505   1506   1507   1508   1509   1510   1511   1512,
              1513   1514   1515   1516   1517   1518   1519   1520,
              1521   1522   1523   1524   1525   1526   1527   1528,
              1529   1530   1531   1532   1533   1534   1535   1536,
              1537   1538   1539   1540   1541   1542   1543   1544,
              1545   1546   1547   1548   1549   1550   1551   1552,
              1553   1554   1555   1556   1557   1558   1559   1560,
              1561   1562   1563   1564   1565   1566   1567   1568,
              1569   1570   1571   1572   1573   1574   1575   1576,
              1577   1578   1579   1580   1581   1582   1583   1584,
              1585   1586   1587   1588   1589   1590   1591   1592,
              1593   1594   1595   1596   1597   1598   1599   1600,
              1601   1602   1603   1604   1605   1606   1607   1608,
              1609   1610   1611   1612   1613   1614   1615   1616,
              1617   1618   1619   1620   1621   1622   1623   1624,
              1625   1626   1627   1628   1629   1630   1631   1632,
              1633   1634   1635   1636   1637   1638   1639   1640,
              1641   1642   1643   1644   1645   1646   1647   1648,
              1649   1650   1651   1652   1653   1654   1655   1656,
              1657   1658   1659   1660   1661   1662   1663   1664,
              1665   6980   6981   6982   6983   6984   6985   6986,
              6987   6988   6989   6990   6991   6992   6993   6994,
              6995   6996   6997   6998   6999   7000   7001   7002,
              7003   7004   7005   7006   7007   7008   7009   7010,
              7011   7012   7013   7014   7015   7016   7017   7018,
              7019   7020   7021   7022   7023   7024   7025   7026,
              7027   7028   7029   7030   7031   7032   7033   7034,
              7035   7036   7037   7038   7039   7040   7041   7042,
              7043   7044   7045   7046   7047   7048   7049   7050,
              7051   7052   7053   7054   7055   7056   7057   7058,
              7059   7060   7061   7062   7063   7064   7065   7066,
              7067   7068   7069   7070   7071   7072   7073   7074,
              7075   7076   7077   7078   7079   7080   7081   7082,
              7083   7084   7085   7086   7087   7088   7089   7090,
              7091   7092   7093   7094   7095   7096   7097   7098,
              7099   7100   7101   7102   7103   7104   7105   7106,
              7107   7108   7109   7110   7111   7112   7113   7114,
              7115   7116   7117   7118   7119   7120   7121   7122,
              7123   7124   7125   7126   7127   7128   7129   7130,
              7131   7132   7133   7134   7135   7136   7137   7138,
              7139   7140   7141   7142   7143   7144   7145   7146,
              7147   7148   7149   7150   7151   7152   7153   7154,
              7155   7156   7157   7158   7159   7160   7161   7162 1.000
 elements     317   445   318   446   319   447   320   448   321   449,
              322   450   323   451   324   452   325   453   326   454,
              327   455   328   456   329   457   330   458   331   459,
              332   460   333   461   334   462   335   463   336   464,
               81   209    82   210    83   211    84   212    85   213,
               86   214    87   215    88   216    89   217    90   218,
               91   219    92   220    93   221    94   222    95   223,
               96   224    97   225    98   226    99   227   100   228,
             1732  1854  1733  1855  1734  1856  1735  1857  1736  1858,
             1737  1859  1738  1860  1739  1861  1740  1862  1741  1863,
             1742  1864  1743  1865  1744  1866  1745  1867  1746  1868,
             1747  1869  1748  1870  1749  1871  1750  1872  1751  1873,
             1752  1874  1753  1592  1955  2080  1754  1956  2081  1875,
             1957  2082  1755  1958  2083  1876  1959  2084  1756  1960,
             2085  1877  1961  2086  1757  1962  2087  1878  1963  2088,
             1758  1964  2089  1879  1965  2090  1759  1966  2091  1880,
             1967  2092  1760  1968  2093  1881  1969  2094  2273  1970,
             2095  1882  1971  2096  2274  1972  2097  1883  1973  2098,
             2275  1974  2099  1884  1975  2100  2276  1976  1373  1469,
             1374  1470  1375  1471  1376  1472  1593  1473  1594  1474,
             1595  1475  1596  1476  1597  1477  1598  1478  1599  1479,
             1600  1480  1601  1481  1602  1482  1603  1483  1604  1484,
             1605  1485  1606  1486  1607  1487  1608  1488  1609  1489,
             2149  1977  1610  2150  1490  1611  2151  2277  1612  2152,
             1491  1613  2153  2278  2401  2154  1492  2279  2155  1614,
             2280  2156  1493  2281  2157  1615  2282  2158  1494  2283,
             2159  1616  2284  2160  1495  2285  2161  1617  2286  2162,
             1496  2287  2163  1618  2402  2164  1497  2403  2165  1619,
             2404  2166  1498  2405  2167  1620  2406  2168  1499  2407,
             2169  1621  2408  2529  1500  1622  5307  5419  5308  5420,
             5309  5421  5310  5422  5311  5423  5312  5424  5313  5425,
             5314  5426  5315  5427  5316  5428  5317  5527  5318  5528,
             5319  5529  5320  5530  5531  5647  5532  5648  5533  5649,
             5534  5650  5535  5651  5536  6001  5537  5883  5538  5884,
             5539  5885  5540  5764  5652  5765  5653  5886  5654  5766,
             5655  5887  5321  5429  5322  5430  5323  5431  5324  5432,
             5325  5433  5326  5434  5327  5435  5328  6002  5329  6003,
             5330  6119  5331  5541  5332  5542  5333  5543  5334  5544,
             5656  5767  5657  5545  5658  5768  5659  5546  5769  6120,
             6243  5547  5660  6121  5661  5548  5662  5549  5663  5550,
             5664  5888  5665  6122  5666  5770  5889  6004  5335  6005,
             6244  5890  6006  5336  6007  5891  6008  5337  6369  5338,
             6245  5339  6370  5340  6123  5341  6124  5892  6009  6246,
             5771  6247  6371  6125  6248  5342  5210  6372  5211  6249,
             5212  6010  5213  6497  5214  6373  5215  5436  5216  5437,
             5343  6498  6625  6374  6499  6250  6626  6126  6627  6500,
             6628  6375  6501  6376  5438  5551  5667  5552  5344  5668,
             6011  5669  5772  5439  5773  5440  5553  5441  5670  5774,
             6127  5893  6128  5894  5775  5895  6130  5671  6016  5897,
             6017  5898  5777  5899  5778  5900  5779  5901  5780  5902,
             5781  5903  5782  5672  5783  5673  5784  5674  5785  5675,
             6018  5904  6019  5442  6020  5443  6021  5444  6022  5445,
             6023  6133  6024  6134  6025  6135  6026  6136  6027  6137,
             6255  5905  6138  6028  6139  6256  6140  6257  6377  6258,
             6378  5906  6141  5786  6142  5907  6143  5787  5908  6259,
             5909  5788  5910  6260  5911  6261  5912  6379  5789  6380,
             5790  6262  5791  5446  5792  5447  6502  5448  6029  5449,
             6030  5450  6031  5451  6263  5452  5555  6144  6381  6145,
             6382  5556  6146  6383  5676  5557  5677  5913  6032  5558,
             5914  6264  5915  6265  5793  6266  5794  6147  6384  5916,
             6503  6629  5678  5795  5453  5917  5454  5796  5455  5918,
             5456  6504  5457  5919  5458  5797  5459  5798  5460  5799,
             5461  6033  5462  6505  5463  5559  6034  5560  6035  5561,
             6753  5562  5563  5679  5564  5680  5565  5681  5566  5682,
             5567  5683  6148  5684  5800  5685  5801  6149  5802  6150,
             5803  6151  5920  6267  5921  6268  5922  6754  5923  6036,
             5924  6037  5464  6038  5465  5568  5466  5569  6039  5570,
             6152  5686  5804  5687  6153  6385  6506  5805  6386  6507,
             6269  6387  6270  6388  6508  6389  6509  6390
 print totals
 compute domain integral
