c
domain dnr_073
 symmetric
 normal plane nx 0  ny -1.0  nz 0.0
 front nodes   4256   4441   4626 linear verify
 function type b
 ignore crack face loading
 q-values     4441   4442   4443   4444   4445   4446   4447   4448,
              4449   4450   4451   4452   4453   4454   4455   4456,
              4457   4458   4459   4460   4461   4462   4463   4464,
              4465   4466   4467   4468   4469   4470   4471   4472,
              4473   4474   4475   4476   4477   4478   4479   4480,
              4481   4482   4483   4484   4485   4486   4487   4488,
              4489   4490   4491   4492   4493   4494   4495   4496,
              4497   4498   4499   4500   4501   4502   4503   4504,
              4505   4506   4507   4508   4509   4510   4511   4512,
              4513   4514   4515   4516   4517   4518   4519   4520,
              4521   4522   4523   4524   4525   4526   4527   4528,
              4529   4530   4531   4532   4533   4534   4535   4536,
              4537   4538   4539   4540   4541   4542   4543   4544,
              4545   4546   4547   4548   4549   4550   4551   4552,
              4553   4554   4555   4556   4557   4558   4559   4560,
              4561   4562   4563   4564   4565   4566   4567   4568,
              4569   4570   4571   4572   4573   4574   4575   4576,
              4577   4578   4579   4580   4581   4582   4583   4584,
              4585   4586   4587   4588   4589   4590   4591   4592,
              4593   4594   4595   4596   4597   4598   4599   4600,
              4601   4602   4603   4604   4605   4606   4607   4608,
              4609   4610   4611   4612   4613   4614   4615   4616,
              4617   4618   4619   4620   4621   4622   4623   4624,
              4625  10208  10209  10210  10211  10212  10213  10214,
             10215  10216  10217  10218  10219  10220  10221  10222,
             10223  10224  10225  10226  10227  10228  10229  10230,
             10231  10232  10233  10234  10235  10236  10237  10238,
             10239  10240  10241  10242  10243  10244  10245  10246,
             10247  10248  10249  10250  10251  10252  10253  10254,
             10255  10256  10257  10258  10259  10260  10261  10262,
             10263  10264  10265  10266  10267  10268  10269  10270,
             10271  10272  10273  10274  10275  10276  10277  10278,
             10279  10280  10281  10282  10283  10284  10285  10286,
             10287  10288  10289  10290  10291  10292  10293  10294,
             10295  10296  10297  10298  10299  10300  10301  10302,
             10303  10304  10305  10306  10307  10308  10309  10310,
             10311  10312  10313  10314  10315  10316  10317  10318,
             10319  10320  10321  10322  10323  10324  10325  10326,
             10327  10328  10329  10330  10331  10332  10333  10334,
             10335  10336  10337  10338  10339  10340  10341  10342,
             10343  10344  10345  10346  10347  10348  10349  10350,
             10351  10352  10353  10354  10355  10356  10357  10358,
             10359  10360 1.000
 elements     861   989   862   990   863   991   864   992   865   993,
              866   994   867   995   868   996   869   997   870   998,
              871   999   872  1000   873  1001   874  1002   875  1003,
              876  1004   877  1005   878  1006   879  1007   880  1008,
              625   753   626   754   627   755   628   756   629   757,
              630   758   631   759   632   760   633   761   634   762,
              635   763   636   764   637   765   638   766   639   767,
              640   768  1025  1049  1026  1050  1027  1051  1028  1052,
             3375  3606  3376  3607  3282  3608  3283  3609  3724  3486,
             3610  3377  3611  3378  3612  3379  3487  3613  3488  3614,
             3489  3615  3490  3616  3491  3617  3284  3492  3285  3380,
             3846  3381  3493  3382  3494  3383  3495  3960  3286  3496,
             3287  3618  3384  3847  3961  4081  3385  3962  4082  3619,
             3725  3848  3963  3726  3849  3497  4083  4322  3620  3727,
             4204  3386  3728  4084  3621  4205  4085  3387  4206  4086,
             3498  3964  4087  3622  3965  4088  3499  3966  3729  3623,
             4089  3730  3500  4207  3624  3850  3731  3967  3501  4323,
             3968  3388  4090  3969  3502  4091  3970  3389  4092  4208,
             3503  4093  3625  3390  4094  3971  3504  4095  3288  3505,
             3289  3506  3391  3507  3392  3508  3290  3393  3291  3509,
             3292  3510  3293  3732  3294  3394  3295  3395  3296  3396,
             3851  3397  3852  3398  3853  3399  3854  3511  3626  3733,
             3627  3734  3628  3735  3629  3400  3736  3401  3737  3512,
             3738  3972  3739  3855  3513  3740  3856  4209  4324  4096,
             3402  4210  3973  4325  4211  3857  4449  3974  3858  3514,
             3975  3859  4326  3976  3860  3741  3977  3742  4327  3861,
             3743  3403  3862  3744  4212  4328  4213  3404  3978  4329,
             4450  3979  4097  3405  4214  4098  4451  4215  4452  3630,
             3863  4216  3745  3864  4217  3631  3865  4330  3746  3866,
             3980  4453  3867  4218  3747  3868  8398  8512  8624  8513,
             8625  8514  8626  8740  8627  8515  8628  8741  8629  8742,
             8859  8284  8860  8285  8743  8286  8399  8287  8516  8288,
             8517  8630  8518  8631  8744  8861  8745  8862  8746  8863,
             8967  8864  8968  8747  8865  8969  8866  8970  9323  8971,
             9091  8972  9092  9324  8632  9325  8633  9093  8973  8867,
             9207  8868  8519  8974  9447  8634  8520  9208  9326  8635,
             9448  9573  9327  8748  9328  9449  8869  9209  9329  8400,
             9450  8401  9210  8402  9451  8403  9574  8404  9452  8405,
             8749  8870  9575  8871  9330  8872  8521  8873  8406  8874,
             8407  8975  8408  8976  8636  8977  9094  8522  9095  8750,
             8978  9096  8875  8979  8876  8980  9211  8981  8982  9097,
             9212  8523  9213  9098  8983  9099  8984  9576  9331  8751,
             9332  9453  9333  9214  9334  8409  9335  8410  9215  8411,
             9336  8412  9100  8413  9337  8414  8415  9338  8637  8524,
             8416  8985  9577  8986  8638  8525  9101  8526  8877  9216,
             9454  9698  9455  9339  8878  9456  9699  9825  9578  9700,
             9826  9701  9827  9457  8645  8992  9106  8993  9107  9223,
             9108  8535  9109  9224  9110  8536  9111  8537  8646  8538,
             8647  8539  8648  8540  8756  8881  8757  8882  8758  9112,
             8759  8994  9113  9225  9344  9226  9345  9461  9579  9227,
             9346  9702  9462  9228  9580  9229  9114  8760  9463  9230,
             8883  8995  9115  8996  9231  9347  9232  9348  9581  9116,
             8649  9703  8541  8997  9117  8650  8761  9118  8542  8651,
             8543  8652  8544  8762  9582  9704  8653  8763  8654  9583,
             8884  8764  9584  8765  8655  8766  8656  8767  9233  9349,
             8768  9705  8769  9464  9585  9234  8770  9119  9235  8885,
             9120  9236  9121  8771  8886  8998  8887  9706  8657  9707,
             8658  9237  9350  9708  8888  9122  8659  9828  8660  8999,
             9586  9709  8772  8661  9351  8662  9710  8663  9711  8773,
             8889  9465  9587  8774  9238  9466  8890  8775  9467  8776,
             8664  8777  8665  8778  8779  8891  9829  9239  8780  9123,
             9240  9124  8892  9000  8666  9001  9588  9002  9003  9589,
             9953  9590  9830  9954 10081  9955  9468  9956  8893  9241,
             9125  9712
 print totals
 compute domain integral
c
domain dnr_074
 symmetric
 normal plane nx 0  ny -1.0  nz 0.0
 front nodes   4256   4441   4626 linear verify
 function type b
 ignore crack face loading
 q-values     4441   4442   4443   4444   4445   4446   4447   4448,
              4449   4450   4451   4452   4453   4454   4455   4456,
              4457   4458   4459   4460   4461   4462   4463   4464,
              4465   4466   4467   4468   4469   4470   4471   4472,
              4473   4474   4475   4476   4477   4478   4479   4480,
              4481   4482   4483   4484   4485   4486   4487   4488,
              4489   4490   4491   4492   4493   4494   4495   4496,
              4497   4498   4499   4500   4501   4502   4503   4504,
              4505   4506   4507   4508   4509   4510   4511   4512,
              4513   4514   4515   4516   4517   4518   4519   4520,
              4521   4522   4523   4524   4525   4526   4527   4528,
              4529   4530   4531   4532   4533   4534   4535   4536,
              4537   4538   4539   4540   4541   4542   4543   4544,
              4545   4546   4547   4548   4549   4550   4551   4552,
              4553   4554   4555   4556   4557   4558   4559   4560,
              4561   4562   4563   4564   4565   4566   4567   4568,
              4569   4570   4571   4572   4573   4574   4575   4576,
              4577   4578   4579   4580   4581   4582   4583   4584,
              4585   4586   4587   4588   4589   4590   4591   4592,
              4593   4594   4595   4596   4597   4598   4599   4600,
              4601   4602   4603   4604   4605   4606   4607   4608,
              4609   4610   4611   4612   4613   4614   4615   4616,
              4617   4618   4619   4620   4621   4622   4623   4624,
              4625  10208  10209  10210  10211  10212  10213  10214,
             10215  10216  10217  10218  10219  10220  10221  10222,
             10223  10224  10225  10226  10227  10228  10229  10230,
             10231  10232  10233  10234  10235  10236  10237  10238,
             10239  10240  10241  10242  10243  10244  10245  10246,
             10247  10248  10249  10250  10251  10252  10253  10254,
             10255  10256  10257  10258  10259  10260  10261  10262,
             10263  10264  10265  10266  10267  10268  10269  10270,
             10271  10272  10273  10274  10275  10276  10277  10278,
             10279  10280  10281  10282  10283  10284  10285  10286,
             10287  10288  10289  10290  10291  10292  10293  10294,
             10295  10296  10297  10298  10299  10300  10301  10302,
             10303  10304  10305  10306  10307  10308  10309  10310,
             10311  10312  10313  10314  10315  10316  10317  10318,
             10319  10320  10321  10322  10323  10324  10325  10326,
             10327  10328  10329  10330  10331  10332  10333  10334,
             10335  10336  10337  10338  10339  10340  10341  10342,
             10343  10344  10345  10346  10347  10348  10349  10350,
             10351  10352  10353  10354  10355  10356  10357  10358,
             10359  10360  10361  10362  10363  10364  10365  10366,
             10367  10368  10369  10370  10371  10372  10373  10374,
             10375 1.000
 elements     861   989   862   990   863   991   864   992   865   993,
              866   994   867   995   868   996   869   997   870   998,
              871   999   872  1000   873  1001   874  1002   875  1003,
              876  1004   877  1005   878  1006   879  1007   880  1008,
              625   753   626   754   627   755   628   756   629   757,
              630   758   631   759   632   760   633   761   634   762,
              635   763   636   764   637   765   638   766   639   767,
              640   768  1025  1049  1026  1050  1027  1051  1028  1052,
             3375  3606  3376  3607  3282  3608  3283  3609  3724  3486,
             3610  3377  3611  3378  3612  3379  3487  3613  3488  3614,
             3489  3615  3490  3616  3491  3617  3284  3492  3285  3380,
             3846  3381  3493  3382  3494  3383  3495  3960  3286  3496,
             3287  3618  3384  3847  3961  4081  3385  3962  4082  3619,
             3725  3848  3963  3726  3849  3497  4083  4322  3620  3727,
             4204  3386  3728  4084  3621  4205  4085  3387  4206  4086,
             3498  3964  4087  3622  3965  4088  3499  3966  3729  3623,
             4089  3730  3500  4207  3624  3850  3731  3967  3501  4323,
             3968  3388  4090  3969  3502  4091  3970  3389  4092  4208,
             3503  4093  3625  3390  4094  3971  3504  4095  3288  3505,
             3289  3506  3391  3507  3392  3508  3290  3393  3291  3509,
             3292  3510  3293  3732  3294  3394  3295  3395  3296  3396,
             3851  3397  3852  3398  3853  3399  3854  3511  3626  3733,
             3627  3734  3628  3735  3629  3400  3736  3401  3737  3512,
             3738  3972  3739  3855  3513  3740  3856  4209  4324  4096,
             3402  4210  3973  4325  4211  3857  4449  3974  3858  3514,
             3975  3859  4326  3976  3860  3741  3977  3742  4327  3861,
             3743  3403  3862  3744  4212  4328  4213  3404  3978  4329,
             4450  3979  4097  3405  4214  4098  4451  4215  4452  3630,
             3863  4216  3745  3864  4217  3631  3865  4330  3746  3866,
             3980  4453  3867  4218  3747  3868  8398  8512  8624  8513,
             8625  8514  8626  8740  8627  8515  8628  8741  8629  8742,
             8859  8284  8860  8285  8743  8286  8399  8287  8516  8288,
             8517  8630  8518  8631  8744  8861  8745  8862  8746  8863,
             8967  8864  8968  8747  8865  8969  8866  8970  9323  8971,
             9091  8972  9092  9324  8632  9325  8633  9093  8973  8867,
             9207  8868  8519  8974  9447  8634  8520  9208  9326  8635,
             9448  9573  9327  8748  9328  9449  8869  9209  9329  8400,
             9450  8401  9210  8402  9451  8403  9574  8404  9452  8405,
             8749  8870  9575  8871  9330  8872  8521  8873  8406  8874,
             8407  8975  8408  8976  8636  8977  9094  8522  9095  8750,
             8978  9096  8875  8979  8876  8980  9211  8981  8982  9097,
             9212  8523  9213  9098  8983  9099  8984  9576  9331  8751,
             9332  9453  9333  9214  9334  8409  9335  8410  9215  8411,
             9336  8412  9100  8413  9337  8414  8415  9338  8637  8524,
             8416  8985  9577  8986  8638  8525  9101  8526  8877  9216,
             9454  9698  9455  9339  8878  9456  9699  9825  9578  9700,
             9826  9701  9827  9457  8527  8639  8528  8640  8987  8641,
             8529  8642  8530  8643  8531  8752  8532  8753  8645  8992,
             9106  8993  9107  9223  9108  8535  9109  9224  9110  8536,
             9111  8537  8646  8538  8647  8539  8648  8540  8756  8881,
             8757  8882  8758  9112  8759  8994  9113  9225  9344  9226,
             9345  9461  9579  9227  9346  9702  9462  9228  9580  9229,
             9114  8760  9463  9230  8883  8995  9115  8996  9231  9347,
             9232  9348  9581  9116  8649  9703  8541  8997  9117  8650,
             8761  9118  8542  8651  8543  8652  8544  8762  9582  9704,
             8653  8763  8654  9583  8884  8764  9584  8765  8655  8766,
             8656  8767  9233  9349  8768  9705  8769  9464  9585  9234,
             8770  9119  9235  8885  9120  9236  9121  8771  8886  8998,
             8887  9706  8657  9707  8658  9237  9350  9708  8888  9122,
             8659  9828  8660  8999  9586  9709  8772  8661  9351  8662,
             9710  8663  9711  8773  8889  9465  9587  8774  9238  9466,
             8890  8775  9467  8776  8664  8777  8665  8778  8779  8891,
             9829  9239  8780  9123  9240  9124  8892  9000  8666  9001,
             9588  9002  9003  9589  9953  9590  9830  9954 10081  9955,
             9468  9956  8893  9241  9125  9712  8781  8894  8782  9126,
             8783  9127  8784  8895  8785  9242  9004  8667  8896  8668
 print totals
 compute domain integral
c
domain dnr_075
 symmetric
 normal plane nx 0  ny -1.0  nz 0.0
 front nodes   4256   4441   4626 linear verify
 function type b
 ignore crack face loading
 q-values     4441   4442   4443   4444   4445   4446   4447   4448,
              4449   4450   4451   4452   4453   4454   4455   4456,
              4457   4458   4459   4460   4461   4462   4463   4464,
              4465   4466   4467   4468   4469   4470   4471   4472,
              4473   4474   4475   4476   4477   4478   4479   4480,
              4481   4482   4483   4484   4485   4486   4487   4488,
              4489   4490   4491   4492   4493   4494   4495   4496,
              4497   4498   4499   4500   4501   4502   4503   4504,
              4505   4506   4507   4508   4509   4510   4511   4512,
              4513   4514   4515   4516   4517   4518   4519   4520,
              4521   4522   4523   4524   4525   4526   4527   4528,
              4529   4530   4531   4532   4533   4534   4535   4536,
              4537   4538   4539   4540   4541   4542   4543   4544,
              4545   4546   4547   4548   4549   4550   4551   4552,
              4553   4554   4555   4556   4557   4558   4559   4560,
              4561   4562   4563   4564   4565   4566   4567   4568,
              4569   4570   4571   4572   4573   4574   4575   4576,
              4577   4578   4579   4580   4581   4582   4583   4584,
              4585   4586   4587   4588   4589   4590   4591   4592,
              4593   4594   4595   4596   4597   4598   4599   4600,
              4601   4602   4603   4604   4605   4606   4607   4608,
              4609   4610   4611   4612   4613   4614   4615   4616,
              4617   4618   4619   4620   4621   4622   4623   4624,
              4625  10208  10209  10210  10211  10212  10213  10214,
             10215  10216  10217  10218  10219  10220  10221  10222,
             10223  10224  10225  10226  10227  10228  10229  10230,
             10231  10232  10233  10234  10235  10236  10237  10238,
             10239  10240  10241  10242  10243  10244  10245  10246,
             10247  10248  10249  10250  10251  10252  10253  10254,
             10255  10256  10257  10258  10259  10260  10261  10262,
             10263  10264  10265  10266  10267  10268  10269  10270,
             10271  10272  10273  10274  10275  10276  10277  10278,
             10279  10280  10281  10282  10283  10284  10285  10286,
             10287  10288  10289  10290  10291  10292  10293  10294,
             10295  10296  10297  10298  10299  10300  10301  10302,
             10303  10304  10305  10306  10307  10308  10309  10310,
             10311  10312  10313  10314  10315  10316  10317  10318,
             10319  10320  10321  10322  10323  10324  10325  10326,
             10327  10328  10329  10330  10331  10332  10333  10334,
             10335  10336  10337  10338  10339  10340  10341  10342,
             10343  10344  10345  10346  10347  10348  10349  10350,
             10351  10352  10353  10354  10355  10356  10357  10358,
             10359  10360  10361  10362  10363  10364  10365  10366,
             10367  10368  10369  10370  10371  10372  10373  10374,
             10375  10376  10377  10378  10379  10380  10381  10382,
             10383  10384  10385  10386  10387  10388  10389  10390 1.000
 elements     861   989   862   990   863   991   864   992   865   993,
              866   994   867   995   868   996   869   997   870   998,
              871   999   872  1000   873  1001   874  1002   875  1003,
              876  1004   877  1005   878  1006   879  1007   880  1008,
              625   753   626   754   627   755   628   756   629   757,
              630   758   631   759   632   760   633   761   634   762,
              635   763   636   764   637   765   638   766   639   767,
              640   768  1025  1049  1026  1050  1027  1051  1028  1052,
             3375  3606  3376  3607  3282  3608  3283  3609  3724  3486,
             3610  3377  3611  3378  3612  3379  3487  3613  3488  3614,
             3489  3615  3490  3616  3491  3617  3284  3492  3285  3380,
             3846  3381  3493  3382  3494  3383  3495  3960  3286  3496,
             3287  3618  3384  3847  3961  4081  3385  3962  4082  3619,
             3725  3848  3963  3726  3849  3497  4083  4322  3620  3727,
             4204  3386  3728  4084  3621  4205  4085  3387  4206  4086,
             3498  3964  4087  3622  3965  4088  3499  3966  3729  3623,
             4089  3730  3500  4207  3624  3850  3731  3967  3501  4323,
             3968  3388  4090  3969  3502  4091  3970  3389  4092  4208,
             3503  4093  3625  3390  4094  3971  3504  4095  3288  3505,
             3289  3506  3391  3507  3392  3508  3290  3393  3291  3509,
             3292  3510  3293  3732  3294  3394  3295  3395  3296  3396,
             3851  3397  3852  3398  3853  3399  3854  3511  3626  3733,
             3627  3734  3628  3735  3629  3400  3736  3401  3737  3512,
             3738  3972  3739  3855  3513  3740  3856  4209  4324  4096,
             3402  4210  3973  4325  4211  3857  4449  3974  3858  3514,
             3975  3859  4326  3976  3860  3741  3977  3742  4327  3861,
             3743  3403  3862  3744  4212  4328  4213  3404  3978  4329,
             4450  3979  4097  3405  4214  4098  4451  4215  4452  3630,
             3863  4216  3745  3864  4217  3631  3865  4330  3746  3866,
             3980  4453  3867  4218  3747  3868  8398  8512  8624  8513,
             8625  8514  8626  8740  8627  8515  8628  8741  8629  8742,
             8859  8284  8860  8285  8743  8286  8399  8287  8516  8288,
             8517  8630  8518  8631  8744  8861  8745  8862  8746  8863,
             8967  8864  8968  8747  8865  8969  8866  8970  9323  8971,
             9091  8972  9092  9324  8632  9325  8633  9093  8973  8867,
             9207  8868  8519  8974  9447  8634  8520  9208  9326  8635,
             9448  9573  9327  8748  9328  9449  8869  9209  9329  8400,
             9450  8401  9210  8402  9451  8403  9574  8404  9452  8405,
             8749  8870  9575  8871  9330  8872  8521  8873  8406  8874,
             8407  8975  8408  8976  8636  8977  9094  8522  9095  8750,
             8978  9096  8875  8979  8876  8980  9211  8981  8982  9097,
             9212  8523  9213  9098  8983  9099  8984  9576  9331  8751,
             9332  9453  9333  9214  9334  8409  9335  8410  9215  8411,
             9336  8412  9100  8413  9337  8414  8415  9338  8637  8524,
             8416  8985  9577  8986  8638  8525  9101  8526  8877  9216,
             9454  9698  9455  9339  8878  9456  9699  9825  9578  9700,
             9826  9701  9827  9457  8527  8639  8528  8640  8987  8641,
             8529  8642  8530  8643  8531  8752  8532  8753  9102  9217,
             9340  9218  9341  9459  8989  9103  8990  9104  9342  9221,
             8991  9105  8645  8992  9106  8993  9107  9223  9108  8535,
             9109  9224  9110  8536  9111  8537  8646  8538  8647  8539,
             8648  8540  8756  8881  8757  8882  8758  9112  8759  8994,
             9113  9225  9344  9226  9345  9461  9579  9227  9346  9702,
             9462  9228  9580  9229  9114  8760  9463  9230  8883  8995,
             9115  8996  9231  9347  9232  9348  9581  9116  8649  9703,
             8541  8997  9117  8650  8761  9118  8542  8651  8543  8652,
             8544  8762  9582  9704  8653  8763  8654  9583  8884  8764,
             9584  8765  8655  8766  8656  8767  9233  9349  8768  9705,
             8769  9464  9585  9234  8770  9119  9235  8885  9120  9236,
             9121  8771  8886  8998  8887  9706  8657  9707  8658  9237,
             9350  9708  8888  9122  8659  9828  8660  8999  9586  9709,
             8772  8661  9351  8662  9710  8663  9711  8773  8889  9465,
             9587  8774  9238  9466  8890  8775  9467  8776  8664  8777,
             8665  8778  8779  8891  9829  9239  8780  9123  9240  9124,
             8892  9000  8666  9001  9588  9002  9003  9589  9953  9590,
             9830  9954 10081  9955  9468  9956  8893  9241  9125  9712,
             8781  8894  8782  9126  8783  9127  8784  8895  8785  9242,
             9004  8667  8896  8668  9352  9469  9591  8898  9592  8899,
             9353  9243  9354  9594  9713  9128  9714  9471
 print totals
 compute domain integral
