c
domain dnr_079
 symmetric
 normal plane nx 0  ny -1.0  nz 0.0
 front nodes   4626   4811   4996 linear verify
 function type b
 ignore crack face loading
 q-values     4811   4812   4813   4814   4815   4816   4817   4818,
              4819   4820   4821   4822   4823   4824   4825   4826,
              4827   4828   4829   4830   4831   4832   4833   4834,
              4835   4836   4837   4838   4839   4840   4841   4842,
              4843   4844   4845   4846   4847   4848   4849   4850,
              4851   4852   4853   4854   4855   4856   4857   4858,
              4859   4860   4861   4862   4863   4864   4865   4866,
              4867   4868   4869   4870   4871   4872   4873   4874,
              4875   4876   4877   4878   4879   4880   4881   4882,
              4883   4884   4885   4886   4887   4888   4889   4890,
              4891   4892   4893   4894   4895   4896   4897   4898,
              4899   4900   4901   4902   4903   4904   4905   4906,
              4907   4908   4909   4910   4911   4912   4913   4914,
              4915   4916   4917   4918   4919   4920   4921   4922,
              4923   4924   4925   4926   4927   4928   4929   4930,
              4931   4932   4933   4934   4935   4936   4937   4938,
              4939   4940   4941   4942   4943   4944   4945   4946,
              4947   4948   4949   4950   4951   4952   4953   4954,
              4955   4956   4957   4958   4959   4960   4961   4962,
              4963   4964   4965   4966   4967   4968   4969   4970,
              4971   4972   4973   4974   4975   4976   4977   4978,
              4979   4980   4981   4982   4983   4984   4985   4986,
              4987   4988   4989   4990   4991   4992   4993   4994,
              4995  10619  10620  10621  10622  10623  10624  10625,
             10626  10627  10628  10629  10630  10631  10632  10633,
             10634  10635  10636  10637  10638  10639  10640  10641,
             10642  10643  10644  10645  10646  10647  10648  10649,
             10650  10651  10652  10653  10654  10655  10656  10657,
             10658  10659  10660  10661  10662  10663  10664  10665,
             10666  10667  10668  10669  10670  10671  10672  10673,
             10674  10675  10676  10677  10678  10679  10680  10681,
             10682  10683  10684  10685  10686  10687  10688  10689,
             10690  10691  10692  10693  10694  10695  10696  10697,
             10698  10699  10700  10701  10702  10703  10704  10705,
             10706  10707  10708  10709  10710  10711  10712  10713,
             10714  10715  10716  10717  10718  10719  10720  10721,
             10722  10723  10724  10725  10726  10727  10728  10729,
             10730  10731  10732  10733  10734  10735  10736  10737,
             10738  10739  10740  10741  10742  10743  10744  10745,
             10746  10747  10748  10749  10750  10751  10752  10753,
             10754  10755  10756  10757  10758  10759  10760  10761,
             10762  10763  10764  10765  10766  10767  10768  10769,
             10770  10771 1.000
 elements     881  1009   882  1010   883  1011   884  1012   885  1013,
              886  1014   887  1015   888  1016   889  1017   890  1018,
              891  1019   892  1020   893  1021   894  1022   895  1023,
              896  1024  1073  1097  1074  1098  1075  1099  1076  1100,
             1029  1053  1030  1054  1031  1055  1032  1056  1033  1057,
             1034  1058  1035  1059  1036  1060  1037  1061  1038  1062,
             1039  1063  1040  1064  1041  1065  1042  1066  1043  1067,
             1044  1068  1045  1069  1046  1070  1047  1071  1048  1072,
             3406  3632  3407  3633  3748  3634  3749  3635  3750  3515,
             3636  3408  3637  3409  3638  3410  3516  3639  3517  3640,
             3518  3641  3519  3642  3520  3643  3521  3644  3751  3411,
             3869  3412  3522  3413  3523  3414  3524  3981  3525  3645,
             4099  3415  3646  3870  3982  4100  3416  3983  4101  3647,
             3984  3871  3526  4454  3872  3648  4102  4331  3417  3752,
             4103  3649  3753  4104  3418  4219  4105  3527  4220  4106,
             3650  3985  4107  3528  3986  4108  3651  3987  3754  3529,
             4109  3755  3652  4221  4332  3530  3988  4333  3756  3989,
             4110  3419  3990  4111  3531  3991  4112  3420  4455  4113,
             3532  4222  4334  3421  4577  3992  3533  4114  3534  3757,
             3535  3873  3422  3536  3423  3537  3424  3874  3993  3538,
             3875  3539  3758  3876  3759  3877  3760  3878  3761  3879,
             4223  3880  3994  3881  3995  3882  3540  3653  3541  3654,
             3762  3655  3763  3656  3764  3657  3765  3883  3542  3766,
             3543  3996  3884  4224  3544  4335  4225  3767  4336  4115,
             4578  3997  4226  3768  3998  4227  3545  4456  4228  3885,
             3999  4337  4457  4000  4338  3769  4001  4339  3886  4229,
             4340  3770  4230  4341  3887  4458  4342  4231  4459  4343,
             3888  4116  4460  4579  4117  4232  3658  4461  4233  3889,
             4344  3890  3659  4234  3891  3771  4235  3892  3660  4462,
             4002  3772  4236  3893  3661  4237  8790  8901  8791  8902,
             8792  8903  8793  8904  8794  8905  8795  8906  8796  8907,
             9006  8908  9007  8797  9129  9244  9355  9472  9130  9008,
             9473  8909  9245  8910  9356  9474  9596  9475  9597  9009,
             9357  9010  9476  9011  9358  9012  9359  9477  9360  9246,
             9131  9361  9478  9715  9831  9716  9832  9717  9598  9013,
             9479  9362  8798  8911  9132  8912  9833  8913  9718  8914,
             9599  8915  8799  9719  9834  8916  9014  9835  9600  9720,
             9133  8800  9247  9363  8917  9015  8918  9134  9248  9016,
             9017  9480  9249  9364  9250  9018  9365  9019  9481  9020,
             9366  9021  9367  9482  9368  9251  9135  9369  9836  9022,
             9136  9023  9137  9721  9483  9024  9370  9484  8919  9138,
             9957  9139  9958  8920  9140  8921  9601  8922  9485  9602,
             9837  9025  9603  9026  9722 10082  9141  9371  9252  9372,
             9604  8923  9142  9253  9838  9254  9255  9373  9486  9027,
            10083  9028  9374  9839  9375  9605  9143  9723  9376  8924,
             9487  9724 10084  9377 10209  9606  9488  9725 10210  9726,
             9840  9959  9489  9960  9035  9148  9036  9149  9261  9150,
             9262  9151  9263  9152  9264  9153  9265  9154  9608  9493,
             9609  8926  9037  8927  9038  8928  9266  9382  9155  9383,
             9156  9039  9267  9730  9268  9384  9731  9494  9610  9842,
             9385  9732  9495  9611  9961  9733  9962  9734  9963  9269,
             9612  9964  9157  9613  9965 10085  9270  9735  9614  9736,
             9158  9843  9040  9966  9159  9967  9160  9271  9161  9272,
             9162  9273  9163  9274  9164  9496  9041 10086 10211  9386,
             9497 10087  9275  9387  9844  9968  9845  9165  9276  9388,
             9615  9498  9616  9499  9617  9846  9389  9737  9847  9969,
            10088  9738  9970 10089  9971  9277  9500  9618  9739  9848,
             9501  9972  9619  9740  9620  9741  9621  9849  9042  9742,
             9850  9743  9278  9744  9166  9279  9167  9280  9168  9281,
             9169  9502  9622  9043  9973 10090  9503 10091  9282  9044,
             9851 10092  9170  9045 10093  9623 10212  9852  9974  9745,
             9975 10094  9283 10337  9046 10213  9624  9746 10214 10338,
             9976  9625 10339  9853 10215 10340  9504 10465  9505 10341,
            10466 10216
 print totals
 compute domain integral
c
domain dnr_080
 symmetric
 normal plane nx 0  ny -1.0  nz 0.0
 front nodes   4626   4811   4996 linear verify
 function type b
 ignore crack face loading
 q-values     4811   4812   4813   4814   4815   4816   4817   4818,
              4819   4820   4821   4822   4823   4824   4825   4826,
              4827   4828   4829   4830   4831   4832   4833   4834,
              4835   4836   4837   4838   4839   4840   4841   4842,
              4843   4844   4845   4846   4847   4848   4849   4850,
              4851   4852   4853   4854   4855   4856   4857   4858,
              4859   4860   4861   4862   4863   4864   4865   4866,
              4867   4868   4869   4870   4871   4872   4873   4874,
              4875   4876   4877   4878   4879   4880   4881   4882,
              4883   4884   4885   4886   4887   4888   4889   4890,
              4891   4892   4893   4894   4895   4896   4897   4898,
              4899   4900   4901   4902   4903   4904   4905   4906,
              4907   4908   4909   4910   4911   4912   4913   4914,
              4915   4916   4917   4918   4919   4920   4921   4922,
              4923   4924   4925   4926   4927   4928   4929   4930,
              4931   4932   4933   4934   4935   4936   4937   4938,
              4939   4940   4941   4942   4943   4944   4945   4946,
              4947   4948   4949   4950   4951   4952   4953   4954,
              4955   4956   4957   4958   4959   4960   4961   4962,
              4963   4964   4965   4966   4967   4968   4969   4970,
              4971   4972   4973   4974   4975   4976   4977   4978,
              4979   4980   4981   4982   4983   4984   4985   4986,
              4987   4988   4989   4990   4991   4992   4993   4994,
              4995  10619  10620  10621  10622  10623  10624  10625,
             10626  10627  10628  10629  10630  10631  10632  10633,
             10634  10635  10636  10637  10638  10639  10640  10641,
             10642  10643  10644  10645  10646  10647  10648  10649,
             10650  10651  10652  10653  10654  10655  10656  10657,
             10658  10659  10660  10661  10662  10663  10664  10665,
             10666  10667  10668  10669  10670  10671  10672  10673,
             10674  10675  10676  10677  10678  10679  10680  10681,
             10682  10683  10684  10685  10686  10687  10688  10689,
             10690  10691  10692  10693  10694  10695  10696  10697,
             10698  10699  10700  10701  10702  10703  10704  10705,
             10706  10707  10708  10709  10710  10711  10712  10713,
             10714  10715  10716  10717  10718  10719  10720  10721,
             10722  10723  10724  10725  10726  10727  10728  10729,
             10730  10731  10732  10733  10734  10735  10736  10737,
             10738  10739  10740  10741  10742  10743  10744  10745,
             10746  10747  10748  10749  10750  10751  10752  10753,
             10754  10755  10756  10757  10758  10759  10760  10761,
             10762  10763  10764  10765  10766  10767  10768  10769,
             10770  10771  10772  10773  10774  10775  10776  10777,
             10778  10779  10780  10781  10782  10783  10784  10785,
             10786 1.000
 elements     881  1009   882  1010   883  1011   884  1012   885  1013,
              886  1014   887  1015   888  1016   889  1017   890  1018,
              891  1019   892  1020   893  1021   894  1022   895  1023,
              896  1024  1073  1097  1074  1098  1075  1099  1076  1100,
             1029  1053  1030  1054  1031  1055  1032  1056  1033  1057,
             1034  1058  1035  1059  1036  1060  1037  1061  1038  1062,
             1039  1063  1040  1064  1041  1065  1042  1066  1043  1067,
             1044  1068  1045  1069  1046  1070  1047  1071  1048  1072,
             3406  3632  3407  3633  3748  3634  3749  3635  3750  3515,
             3636  3408  3637  3409  3638  3410  3516  3639  3517  3640,
             3518  3641  3519  3642  3520  3643  3521  3644  3751  3411,
             3869  3412  3522  3413  3523  3414  3524  3981  3525  3645,
             4099  3415  3646  3870  3982  4100  3416  3983  4101  3647,
             3984  3871  3526  4454  3872  3648  4102  4331  3417  3752,
             4103  3649  3753  4104  3418  4219  4105  3527  4220  4106,
             3650  3985  4107  3528  3986  4108  3651  3987  3754  3529,
             4109  3755  3652  4221  4332  3530  3988  4333  3756  3989,
             4110  3419  3990  4111  3531  3991  4112  3420  4455  4113,
             3532  4222  4334  3421  4577  3992  3533  4114  3534  3757,
             3535  3873  3422  3536  3423  3537  3424  3874  3993  3538,
             3875  3539  3758  3876  3759  3877  3760  3878  3761  3879,
             4223  3880  3994  3881  3995  3882  3540  3653  3541  3654,
             3762  3655  3763  3656  3764  3657  3765  3883  3542  3766,
             3543  3996  3884  4224  3544  4335  4225  3767  4336  4115,
             4578  3997  4226  3768  3998  4227  3545  4456  4228  3885,
             3999  4337  4457  4000  4338  3769  4001  4339  3886  4229,
             4340  3770  4230  4341  3887  4458  4342  4231  4459  4343,
             3888  4116  4460  4579  4117  4232  3658  4461  4233  3889,
             4344  3890  3659  4234  3891  3771  4235  3892  3660  4462,
             4002  3772  4236  3893  3661  4237  8790  8901  8791  8902,
             8792  8903  8793  8904  8794  8905  8795  8906  8796  8907,
             9006  8908  9007  8797  9129  9244  9355  9472  9130  9008,
             9473  8909  9245  8910  9356  9474  9596  9475  9597  9009,
             9357  9010  9476  9011  9358  9012  9359  9477  9360  9246,
             9131  9361  9478  9715  9831  9716  9832  9717  9598  9013,
             9479  9362  8798  8911  9132  8912  9833  8913  9718  8914,
             9599  8915  8799  9719  9834  8916  9014  9835  9600  9720,
             9133  8800  9247  9363  8917  9015  8918  9134  9248  9016,
             9017  9480  9249  9364  9250  9018  9365  9019  9481  9020,
             9366  9021  9367  9482  9368  9251  9135  9369  9836  9022,
             9136  9023  9137  9721  9483  9024  9370  9484  8919  9138,
             9957  9139  9958  8920  9140  8921  9601  8922  9485  9602,
             9837  9025  9603  9026  9722 10082  9141  9371  9252  9372,
             9604  8923  9142  9253  9838  9254  9255  9373  9486  9027,
            10083  9028  9374  9839  9375  9605  9143  9723  9376  8924,
             9487  9724 10084  9377 10209  9606  9488  9725 10210  9726,
             9840  9959  9489  9960  9144  9256  9029  9257  9030  9258,
             9031  9145  9032  9146  9378  9607  9033  9259  9035  9148,
             9036  9149  9261  9150  9262  9151  9263  9152  9264  9153,
             9265  9154  9608  9493  9609  8926  9037  8927  9038  8928,
             9266  9382  9155  9383  9156  9039  9267  9730  9268  9384,
             9731  9494  9610  9842  9385  9732  9495  9611  9961  9733,
             9962  9734  9963  9269  9612  9964  9157  9613  9965 10085,
             9270  9735  9614  9736  9158  9843  9040  9966  9159  9967,
             9160  9271  9161  9272  9162  9273  9163  9274  9164  9496,
             9041 10086 10211  9386  9497 10087  9275  9387  9844  9968,
             9845  9165  9276  9388  9615  9498  9616  9499  9617  9846,
             9389  9737  9847  9969 10088  9738  9970 10089  9971  9277,
             9500  9618  9739  9848  9501  9972  9619  9740  9620  9741,
             9621  9849  9042  9742  9850  9743  9278  9744  9166  9279,
             9167  9280  9168  9281  9169  9502  9622  9043  9973 10090,
             9503 10091  9282  9044  9851 10092  9170  9045 10093  9623,
            10212  9852  9974  9745  9975 10094  9283 10337  9046 10213,
             9624  9746 10214 10338  9976  9625 10339  9853 10215 10340,
             9504 10465  9505 10341 10466 10216  9390  9626  9171  9747,
             9172  9977  9391  9284  9392  9285  9047  9173  9748  9627
 print totals
 compute domain integral
c
domain dnr_081
 symmetric
 normal plane nx 0  ny -1.0  nz 0.0
 front nodes   4626   4811   4996 linear verify
 function type b
 ignore crack face loading
 q-values     4811   4812   4813   4814   4815   4816   4817   4818,
              4819   4820   4821   4822   4823   4824   4825   4826,
              4827   4828   4829   4830   4831   4832   4833   4834,
              4835   4836   4837   4838   4839   4840   4841   4842,
              4843   4844   4845   4846   4847   4848   4849   4850,
              4851   4852   4853   4854   4855   4856   4857   4858,
              4859   4860   4861   4862   4863   4864   4865   4866,
              4867   4868   4869   4870   4871   4872   4873   4874,
              4875   4876   4877   4878   4879   4880   4881   4882,
              4883   4884   4885   4886   4887   4888   4889   4890,
              4891   4892   4893   4894   4895   4896   4897   4898,
              4899   4900   4901   4902   4903   4904   4905   4906,
              4907   4908   4909   4910   4911   4912   4913   4914,
              4915   4916   4917   4918   4919   4920   4921   4922,
              4923   4924   4925   4926   4927   4928   4929   4930,
              4931   4932   4933   4934   4935   4936   4937   4938,
              4939   4940   4941   4942   4943   4944   4945   4946,
              4947   4948   4949   4950   4951   4952   4953   4954,
              4955   4956   4957   4958   4959   4960   4961   4962,
              4963   4964   4965   4966   4967   4968   4969   4970,
              4971   4972   4973   4974   4975   4976   4977   4978,
              4979   4980   4981   4982   4983   4984   4985   4986,
              4987   4988   4989   4990   4991   4992   4993   4994,
              4995  10619  10620  10621  10622  10623  10624  10625,
             10626  10627  10628  10629  10630  10631  10632  10633,
             10634  10635  10636  10637  10638  10639  10640  10641,
             10642  10643  10644  10645  10646  10647  10648  10649,
             10650  10651  10652  10653  10654  10655  10656  10657,
             10658  10659  10660  10661  10662  10663  10664  10665,
             10666  10667  10668  10669  10670  10671  10672  10673,
             10674  10675  10676  10677  10678  10679  10680  10681,
             10682  10683  10684  10685  10686  10687  10688  10689,
             10690  10691  10692  10693  10694  10695  10696  10697,
             10698  10699  10700  10701  10702  10703  10704  10705,
             10706  10707  10708  10709  10710  10711  10712  10713,
             10714  10715  10716  10717  10718  10719  10720  10721,
             10722  10723  10724  10725  10726  10727  10728  10729,
             10730  10731  10732  10733  10734  10735  10736  10737,
             10738  10739  10740  10741  10742  10743  10744  10745,
             10746  10747  10748  10749  10750  10751  10752  10753,
             10754  10755  10756  10757  10758  10759  10760  10761,
             10762  10763  10764  10765  10766  10767  10768  10769,
             10770  10771  10772  10773  10774  10775  10776  10777,
             10778  10779  10780  10781  10782  10783  10784  10785,
             10786  10787  10788  10789  10790  10791  10792  10793,
             10794  10795  10796  10797  10798  10799  10800  10801 1.000
 elements     881  1009   882  1010   883  1011   884  1012   885  1013,
              886  1014   887  1015   888  1016   889  1017   890  1018,
              891  1019   892  1020   893  1021   894  1022   895  1023,
              896  1024  1073  1097  1074  1098  1075  1099  1076  1100,
             1029  1053  1030  1054  1031  1055  1032  1056  1033  1057,
             1034  1058  1035  1059  1036  1060  1037  1061  1038  1062,
             1039  1063  1040  1064  1041  1065  1042  1066  1043  1067,
             1044  1068  1045  1069  1046  1070  1047  1071  1048  1072,
             3406  3632  3407  3633  3748  3634  3749  3635  3750  3515,
             3636  3408  3637  3409  3638  3410  3516  3639  3517  3640,
             3518  3641  3519  3642  3520  3643  3521  3644  3751  3411,
             3869  3412  3522  3413  3523  3414  3524  3981  3525  3645,
             4099  3415  3646  3870  3982  4100  3416  3983  4101  3647,
             3984  3871  3526  4454  3872  3648  4102  4331  3417  3752,
             4103  3649  3753  4104  3418  4219  4105  3527  4220  4106,
             3650  3985  4107  3528  3986  4108  3651  3987  3754  3529,
             4109  3755  3652  4221  4332  3530  3988  4333  3756  3989,
             4110  3419  3990  4111  3531  3991  4112  3420  4455  4113,
             3532  4222  4334  3421  4577  3992  3533  4114  3534  3757,
             3535  3873  3422  3536  3423  3537  3424  3874  3993  3538,
             3875  3539  3758  3876  3759  3877  3760  3878  3761  3879,
             4223  3880  3994  3881  3995  3882  3540  3653  3541  3654,
             3762  3655  3763  3656  3764  3657  3765  3883  3542  3766,
             3543  3996  3884  4224  3544  4335  4225  3767  4336  4115,
             4578  3997  4226  3768  3998  4227  3545  4456  4228  3885,
             3999  4337  4457  4000  4338  3769  4001  4339  3886  4229,
             4340  3770  4230  4341  3887  4458  4342  4231  4459  4343,
             3888  4116  4460  4579  4117  4232  3658  4461  4233  3889,
             4344  3890  3659  4234  3891  3771  4235  3892  3660  4462,
             4002  3772  4236  3893  3661  4237  8790  8901  8791  8902,
             8792  8903  8793  8904  8794  8905  8795  8906  8796  8907,
             9006  8908  9007  8797  9129  9244  9355  9472  9130  9008,
             9473  8909  9245  8910  9356  9474  9596  9475  9597  9009,
             9357  9010  9476  9011  9358  9012  9359  9477  9360  9246,
             9131  9361  9478  9715  9831  9716  9832  9717  9598  9013,
             9479  9362  8798  8911  9132  8912  9833  8913  9718  8914,
             9599  8915  8799  9719  9834  8916  9014  9835  9600  9720,
             9133  8800  9247  9363  8917  9015  8918  9134  9248  9016,
             9017  9480  9249  9364  9250  9018  9365  9019  9481  9020,
             9366  9021  9367  9482  9368  9251  9135  9369  9836  9022,
             9136  9023  9137  9721  9483  9024  9370  9484  8919  9138,
             9957  9139  9958  8920  9140  8921  9601  8922  9485  9602,
             9837  9025  9603  9026  9722 10082  9141  9371  9252  9372,
             9604  8923  9142  9253  9838  9254  9255  9373  9486  9027,
            10083  9028  9374  9839  9375  9605  9143  9723  9376  8924,
             9487  9724 10084  9377 10209  9606  9488  9725 10210  9726,
             9840  9959  9489  9960  9144  9256  9029  9257  9030  9258,
             9031  9145  9032  9146  9378  9607  9033  9259  9034  9727,
             9379  9490  9380  9491  9728  9841  9729  8925  9492  9260,
             9381  9147  9035  9148  9036  9149  9261  9150  9262  9151,
             9263  9152  9264  9153  9265  9154  9608  9493  9609  8926,
             9037  8927  9038  8928  9266  9382  9155  9383  9156  9039,
             9267  9730  9268  9384  9731  9494  9610  9842  9385  9732,
             9495  9611  9961  9733  9962  9734  9963  9269  9612  9964,
             9157  9613  9965 10085  9270  9735  9614  9736  9158  9843,
             9040  9966  9159  9967  9160  9271  9161  9272  9162  9273,
             9163  9274  9164  9496  9041 10086 10211  9386  9497 10087,
             9275  9387  9844  9968  9845  9165  9276  9388  9615  9498,
             9616  9499  9617  9846  9389  9737  9847  9969 10088  9738,
             9970 10089  9971  9277  9500  9618  9739  9848  9501  9972,
             9619  9740  9620  9741  9621  9849  9042  9742  9850  9743,
             9278  9744  9166  9279  9167  9280  9168  9281  9169  9502,
             9622  9043  9973 10090  9503 10091  9282  9044  9851 10092,
             9170  9045 10093  9623 10212  9852  9974  9745  9975 10094,
             9283 10337  9046 10213  9624  9746 10214 10338  9976  9625,
            10339  9853 10215 10340  9504 10465  9505 10341 10466 10216,
             9390  9626  9171  9747  9172  9977  9391  9284  9392  9285,
             9047  9173  9748  9627  9506  9854  9978  9628  9855 10095,
            10217  9979  9629  9856  9749  9857  9507  9858
 print totals
 compute domain integral
