c
domain dnr_004
 symmetric
 normal plane nx 0  ny -1.0  nz 0.0
 front nodes      1    186    371 linear verify
 function type b
 ignore crack face loading
 q-values      186    187    188    189    190    191    192    193,
               194    195    196    197    198    199    200    201,
               202    203    204    205    206    207    208    209,
               210    211    212    213    214    215    216    217,
               218    219    220    221    222    223    224    225,
               226    227    228    229    230    231    232    233,
               234    235    236    237    238    239    240    241,
               242    243    244    245    246    247    248    249,
               250    251    252    253    254    255    256    257,
               258    259    260    261    262    263    264    265,
               266    267    268    269    270    271    272    273,
               274    275    276    277    278    279    280    281,
               282    283    284    285    286    287    288    289,
               290    291    292    293    294    295    296    297,
               298    299    300    301    302    303    304    305,
               306    307    308    309    310    311    312    313,
               314    315    316    317    318    319    320    321,
               322    323    324    325    326    327    328    329,
               330    331    332    333    334    335    336    337,
               338    339    340    341    342    343    344    345,
               346    347    348    349    350    351    352    353,
               354    355    356    357    358    359    360    361,
               362    363    364    365    366    367    368    369,
               370   5579   5580   5581   5582   5583   5584   5585,
              5586   5587   5588   5589   5590   5591   5592   5593,
              5594   5595   5596   5597   5598   5599   5600   5601,
              5602   5603   5604   5605   5606   5607   5608   5609,
              5610   5611   5612   5613   5614   5615   5616   5617,
              5618   5619   5620   5621   5622   5623   5624   5625,
              5626   5627   5628   5629   5630   5631   5632   5633,
              5634   5635   5636   5637   5638   5639   5640   5641,
              5642   5643   5644   5645   5646   5647   5648   5649,
              5650   5651   5652   5653   5654   5655   5656   5657,
              5658   5659   5660   5661   5662   5663   5664   5665,
              5666   5667   5668   5669   5670   5671   5672   5673,
              5674   5675   5676   5677   5678   5679   5680   5681,
              5682   5683   5684   5685   5686   5687   5688   5689,
              5690   5691   5692   5693   5694   5695   5696   5697,
              5698   5699   5700   5701   5702   5703   5704   5705,
              5706   5707   5708   5709   5710   5711   5712   5713,
              5714   5715   5716   5717   5718   5719   5720   5721,
              5722   5723   5724   5725   5726   5727   5728   5729,
              5730   5731 1.000
 elements       1   129     2   130     3   131     4   132     5   133,
                6   134     7   135     8   136     9   137    10   138,
               11   139    12   140    13   141    14   142    15   143,
               16   144    17   145    18   146    19   147    20   148,
              257   385   258   386   259   387   260   388   261   389,
              262   390   263   391   264   392   265   393   266   394,
              267   395   268   396   269   397   270   398   271   399,
              272   400   273   401   274   402   275   403   276   404,
             1121  1249  1122  1250  1123  1251  1124  1252  1125  1253,
             1126  1254  1127  1255  1128  1256  1129  1257  1130  1258,
             1131  1259  1132  1260  1133  1261  1134  1262  1135  1263,
             1136  1264  1137  1265  1138  1266  1139  1267  1140  1268,
             1141  1269  1142  1377  1378  1505  1143  1379  1506  1270,
             1380  1507  1144  1381  1508  1271  1382  1509  1145  1383,
             1510  1272  1384  1511  1146  1385  1512  1273  1386  1513,
             1147  1387  1514  1274  1388  1515  1148  1389  1516  1275,
             1390  1517  1149  1391  1518  1276  1392  1519  1150  1393,
             1520  1277  1394  1521  1151  1395  1522  1278  1396  1523,
             1152  1397  1524  1279  1398  1525  1153  1399  1633  1761,
             1634  1762  1635  1763  1636  1764  1637  1765  1638  1766,
             1639  1767  1640  1768  1641  1769  1642  1770  1643  1771,
             1644  1772  1645  1773  1646  1774  1647  1775  1648  1776,
             1649  1777  1650  1778  1651  1779  1652  1780  1653  1781,
             1654  1526  1889  2017  1655  1890  2018  1782  1891  2019,
             1656  1892  2020  1783  1893  2021  1657  1894  2022  1784,
             1895  2023  1658  1896  2024  1785  1897  2025  1659  1898,
             2026  1786  1899  2027  1660  1900  2028  1787  1901  2029,
             1661  1902  2030  1788  1903  2031  1662  1904  2032  1789,
             1905  2033  1663  1906  2034  1790  1907  2035  1664  1908,
             2036  1791  1909  2037  1665  1910  3784  3899  3785  3900,
             3786  3901  3787  3902  3788  3903  3789  3904  3790  3905,
             3791  3906  3792  3907  3793  3908  3794  3909  3795  3910,
             3796  3911  3797  3912  4017  4138  4018  4139  4019  4140,
             4020  4141  4021  4142  4022  4143  4023  4144  4024  4145,
             4025  4146  4026  4147  4027  4148  4028  4149  4029  4150,
             4030  4151  3798  3913  3799  3914  3800  3915  3801  3916,
             3802  3917  3803  3918  3804  3919  3805  3920  3806  3921,
             3807  3922  3808  3923  4243  3924  4244  3925  4245  3926,
             4031  4152  4032  4153  4033  4154  4034  4155  4035  4156,
             4036  4157  4037  4158  4038  4159  4039  4160  4040  4161,
             4041  4162  4042  4163  4043  4164  4044  4165  3927  4246,
             3928  4247  3929  4248  3930  4249  3931  4250  3932  4251,
             3933  4252  3934  4253  3935  4254  3936  4255  4352  4256,
             4353  4257  4354  4258  4355  4259  4045  4166  4046  4167,
             4047  4168  4048  4169  4049  4170  4050  4171  4051  4172,
             4356  4470  4357  4471  4358  4472  4359  4473  4360  4474,
             4588  4475  4589  4476  4267  4368  4268  4369  4269  4370,
             4270  4371  4271  4372  4272  4373  4273  4374  4274  4375,
             4275  4376  4276  4377  4277  4378  4278  4379  4279  4380,
             4280  4381  4478  4590  4479  4591  4480  4592  4481  4593,
             4482  4594  4483  4595  4484  4596  4485  4597  4486  4598,
             4487  4599  4488  4600  4489  4601  4490  4602  4491  4603,
             4281  4382  4282  4383  4283  4384  4284  4385  4285  4386,
             4286  4387  4287  4388  4288  4389  4289  4390  4290  4391,
             4291  4392  4709  4393  4710  4394  4711  4395  4492  4604,
             4493  4605  4494  4606  4495  4607  4496  4608  4497  4609,
             4498  4610  4499  4611  4500  4612  4501  4613  4502  4614,
             4503  4615  4504  4616  4505  4617  4396  4712  4834  4397,
             4713  4835  4714  4398  4715  4836  4716  4399  4717  4837,
             4718  4400  4719  4838  4720  4839  4721  4840  4722  4841,
             4723  4842  4724  4843  4618  4961  4619  4962  4620  4963,
             4621  4964  4622  4965  5089  4966  5090  4967  5091  5217,
             5092  5218  5093  5219  5094  5220  5095  5221  5345  5222,
             5346  5223
 print totals
 compute domain integral
c
domain dnr_005
 symmetric
 normal plane nx 0  ny -1.0  nz 0.0
 front nodes      1    186    371 linear verify
 function type b
 ignore crack face loading
 q-values      186    187    188    189    190    191    192    193,
               194    195    196    197    198    199    200    201,
               202    203    204    205    206    207    208    209,
               210    211    212    213    214    215    216    217,
               218    219    220    221    222    223    224    225,
               226    227    228    229    230    231    232    233,
               234    235    236    237    238    239    240    241,
               242    243    244    245    246    247    248    249,
               250    251    252    253    254    255    256    257,
               258    259    260    261    262    263    264    265,
               266    267    268    269    270    271    272    273,
               274    275    276    277    278    279    280    281,
               282    283    284    285    286    287    288    289,
               290    291    292    293    294    295    296    297,
               298    299    300    301    302    303    304    305,
               306    307    308    309    310    311    312    313,
               314    315    316    317    318    319    320    321,
               322    323    324    325    326    327    328    329,
               330    331    332    333    334    335    336    337,
               338    339    340    341    342    343    344    345,
               346    347    348    349    350    351    352    353,
               354    355    356    357    358    359    360    361,
               362    363    364    365    366    367    368    369,
               370   5579   5580   5581   5582   5583   5584   5585,
              5586   5587   5588   5589   5590   5591   5592   5593,
              5594   5595   5596   5597   5598   5599   5600   5601,
              5602   5603   5604   5605   5606   5607   5608   5609,
              5610   5611   5612   5613   5614   5615   5616   5617,
              5618   5619   5620   5621   5622   5623   5624   5625,
              5626   5627   5628   5629   5630   5631   5632   5633,
              5634   5635   5636   5637   5638   5639   5640   5641,
              5642   5643   5644   5645   5646   5647   5648   5649,
              5650   5651   5652   5653   5654   5655   5656   5657,
              5658   5659   5660   5661   5662   5663   5664   5665,
              5666   5667   5668   5669   5670   5671   5672   5673,
              5674   5675   5676   5677   5678   5679   5680   5681,
              5682   5683   5684   5685   5686   5687   5688   5689,
              5690   5691   5692   5693   5694   5695   5696   5697,
              5698   5699   5700   5701   5702   5703   5704   5705,
              5706   5707   5708   5709   5710   5711   5712   5713,
              5714   5715   5716   5717   5718   5719   5720   5721,
              5722   5723   5724   5725   5726   5727   5728   5729,
              5730   5731   5732   5733   5734   5735   5736   5737,
              5738   5739   5740   5741   5742   5743   5744   5745,
              5746 1.000
 elements       1   129     2   130     3   131     4   132     5   133,
                6   134     7   135     8   136     9   137    10   138,
               11   139    12   140    13   141    14   142    15   143,
               16   144    17   145    18   146    19   147    20   148,
              257   385   258   386   259   387   260   388   261   389,
              262   390   263   391   264   392   265   393   266   394,
              267   395   268   396   269   397   270   398   271   399,
              272   400   273   401   274   402   275   403   276   404,
             1121  1249  1122  1250  1123  1251  1124  1252  1125  1253,
             1126  1254  1127  1255  1128  1256  1129  1257  1130  1258,
             1131  1259  1132  1260  1133  1261  1134  1262  1135  1263,
             1136  1264  1137  1265  1138  1266  1139  1267  1140  1268,
             1141  1269  1142  1377  1378  1505  1143  1379  1506  1270,
             1380  1507  1144  1381  1508  1271  1382  1509  1145  1383,
             1510  1272  1384  1511  1146  1385  1512  1273  1386  1513,
             1147  1387  1514  1274  1388  1515  1148  1389  1516  1275,
             1390  1517  1149  1391  1518  1276  1392  1519  1150  1393,
             1520  1277  1394  1521  1151  1395  1522  1278  1396  1523,
             1152  1397  1524  1279  1398  1525  1153  1399  1633  1761,
             1634  1762  1635  1763  1636  1764  1637  1765  1638  1766,
             1639  1767  1640  1768  1641  1769  1642  1770  1643  1771,
             1644  1772  1645  1773  1646  1774  1647  1775  1648  1776,
             1649  1777  1650  1778  1651  1779  1652  1780  1653  1781,
             1654  1526  1889  2017  1655  1890  2018  1782  1891  2019,
             1656  1892  2020  1783  1893  2021  1657  1894  2022  1784,
             1895  2023  1658  1896  2024  1785  1897  2025  1659  1898,
             2026  1786  1899  2027  1660  1900  2028  1787  1901  2029,
             1661  1902  2030  1788  1903  2031  1662  1904  2032  1789,
             1905  2033  1663  1906  2034  1790  1907  2035  1664  1908,
             2036  1791  1909  2037  1665  1910  3784  3899  3785  3900,
             3786  3901  3787  3902  3788  3903  3789  3904  3790  3905,
             3791  3906  3792  3907  3793  3908  3794  3909  3795  3910,
             3796  3911  3797  3912  4017  4138  4018  4139  4019  4140,
             4020  4141  4021  4142  4022  4143  4023  4144  4024  4145,
             4025  4146  4026  4147  4027  4148  4028  4149  4029  4150,
             4030  4151  3798  3913  3799  3914  3800  3915  3801  3916,
             3802  3917  3803  3918  3804  3919  3805  3920  3806  3921,
             3807  3922  3808  3923  4243  3924  4244  3925  4245  3926,
             4031  4152  4032  4153  4033  4154  4034  4155  4035  4156,
             4036  4157  4037  4158  4038  4159  4039  4160  4040  4161,
             4041  4162  4042  4163  4043  4164  4044  4165  3927  4246,
             3928  4247  3929  4248  3930  4249  3931  4250  3932  4251,
             3933  4252  3934  4253  3935  4254  3936  4255  4352  4256,
             4353  4257  4354  4258  4355  4259  4045  4166  4046  4167,
             4047  4168  4048  4169  4049  4170  4050  4171  4051  4172,
             4356  4470  4357  4471  4358  4472  4359  4473  4360  4474,
             4588  4475  4589  4476  4052  4173  4053  4174  4054  4175,
             4055  4176  4056  4177  4057  4178  4058  4179  4267  4368,
             4268  4369  4269  4370  4270  4371  4271  4372  4272  4373,
             4273  4374  4274  4375  4275  4376  4276  4377  4277  4378,
             4278  4379  4279  4380  4280  4381  4478  4590  4479  4591,
             4480  4592  4481  4593  4482  4594  4483  4595  4484  4596,
             4485  4597  4486  4598  4487  4599  4488  4600  4489  4601,
             4490  4602  4491  4603  4281  4382  4282  4383  4283  4384,
             4284  4385  4285  4386  4286  4387  4287  4388  4288  4389,
             4289  4390  4290  4391  4291  4392  4709  4393  4710  4394,
             4711  4395  4492  4604  4493  4605  4494  4606  4495  4607,
             4496  4608  4497  4609  4498  4610  4499  4611  4500  4612,
             4501  4613  4502  4614  4503  4615  4504  4616  4505  4617,
             4396  4712  4834  4397  4713  4835  4714  4398  4715  4836,
             4716  4399  4717  4837  4718  4400  4719  4838  4720  4839,
             4721  4840  4722  4841  4723  4842  4724  4843  4618  4961,
             4619  4962  4620  4963  4621  4964  4622  4965  5089  4966,
             5090  4967  5091  5217  5092  5218  5093  5219  5094  5220,
             5095  5221  5345  5222  5346  5223  4623  4725  4624  4726,
             4625  4727  4626  4728  4627  4729  4844  4730  4845  4731
 print totals
 compute domain integral
c
domain dnr_006
 symmetric
 normal plane nx 0  ny -1.0  nz 0.0
 front nodes      1    186    371 linear verify
 function type b
 ignore crack face loading
 q-values      186    187    188    189    190    191    192    193,
               194    195    196    197    198    199    200    201,
               202    203    204    205    206    207    208    209,
               210    211    212    213    214    215    216    217,
               218    219    220    221    222    223    224    225,
               226    227    228    229    230    231    232    233,
               234    235    236    237    238    239    240    241,
               242    243    244    245    246    247    248    249,
               250    251    252    253    254    255    256    257,
               258    259    260    261    262    263    264    265,
               266    267    268    269    270    271    272    273,
               274    275    276    277    278    279    280    281,
               282    283    284    285    286    287    288    289,
               290    291    292    293    294    295    296    297,
               298    299    300    301    302    303    304    305,
               306    307    308    309    310    311    312    313,
               314    315    316    317    318    319    320    321,
               322    323    324    325    326    327    328    329,
               330    331    332    333    334    335    336    337,
               338    339    340    341    342    343    344    345,
               346    347    348    349    350    351    352    353,
               354    355    356    357    358    359    360    361,
               362    363    364    365    366    367    368    369,
               370   5579   5580   5581   5582   5583   5584   5585,
              5586   5587   5588   5589   5590   5591   5592   5593,
              5594   5595   5596   5597   5598   5599   5600   5601,
              5602   5603   5604   5605   5606   5607   5608   5609,
              5610   5611   5612   5613   5614   5615   5616   5617,
              5618   5619   5620   5621   5622   5623   5624   5625,
              5626   5627   5628   5629   5630   5631   5632   5633,
              5634   5635   5636   5637   5638   5639   5640   5641,
              5642   5643   5644   5645   5646   5647   5648   5649,
              5650   5651   5652   5653   5654   5655   5656   5657,
              5658   5659   5660   5661   5662   5663   5664   5665,
              5666   5667   5668   5669   5670   5671   5672   5673,
              5674   5675   5676   5677   5678   5679   5680   5681,
              5682   5683   5684   5685   5686   5687   5688   5689,
              5690   5691   5692   5693   5694   5695   5696   5697,
              5698   5699   5700   5701   5702   5703   5704   5705,
              5706   5707   5708   5709   5710   5711   5712   5713,
              5714   5715   5716   5717   5718   5719   5720   5721,
              5722   5723   5724   5725   5726   5727   5728   5729,
              5730   5731   5732   5733   5734   5735   5736   5737,
              5738   5739   5740   5741   5742   5743   5744   5745,
              5746   5747   5748   5749   5750   5751   5752   5753,
              5754   5755   5756   5757   5758   5759   5760   5761 1.000
 elements       1   129     2   130     3   131     4   132     5   133,
                6   134     7   135     8   136     9   137    10   138,
               11   139    12   140    13   141    14   142    15   143,
               16   144    17   145    18   146    19   147    20   148,
              257   385   258   386   259   387   260   388   261   389,
              262   390   263   391   264   392   265   393   266   394,
              267   395   268   396   269   397   270   398   271   399,
              272   400   273   401   274   402   275   403   276   404,
             1121  1249  1122  1250  1123  1251  1124  1252  1125  1253,
             1126  1254  1127  1255  1128  1256  1129  1257  1130  1258,
             1131  1259  1132  1260  1133  1261  1134  1262  1135  1263,
             1136  1264  1137  1265  1138  1266  1139  1267  1140  1268,
             1141  1269  1142  1377  1378  1505  1143  1379  1506  1270,
             1380  1507  1144  1381  1508  1271  1382  1509  1145  1383,
             1510  1272  1384  1511  1146  1385  1512  1273  1386  1513,
             1147  1387  1514  1274  1388  1515  1148  1389  1516  1275,
             1390  1517  1149  1391  1518  1276  1392  1519  1150  1393,
             1520  1277  1394  1521  1151  1395  1522  1278  1396  1523,
             1152  1397  1524  1279  1398  1525  1153  1399  1633  1761,
             1634  1762  1635  1763  1636  1764  1637  1765  1638  1766,
             1639  1767  1640  1768  1641  1769  1642  1770  1643  1771,
             1644  1772  1645  1773  1646  1774  1647  1775  1648  1776,
             1649  1777  1650  1778  1651  1779  1652  1780  1653  1781,
             1654  1526  1889  2017  1655  1890  2018  1782  1891  2019,
             1656  1892  2020  1783  1893  2021  1657  1894  2022  1784,
             1895  2023  1658  1896  2024  1785  1897  2025  1659  1898,
             2026  1786  1899  2027  1660  1900  2028  1787  1901  2029,
             1661  1902  2030  1788  1903  2031  1662  1904  2032  1789,
             1905  2033  1663  1906  2034  1790  1907  2035  1664  1908,
             2036  1791  1909  2037  1665  1910  3784  3899  3785  3900,
             3786  3901  3787  3902  3788  3903  3789  3904  3790  3905,
             3791  3906  3792  3907  3793  3908  3794  3909  3795  3910,
             3796  3911  3797  3912  4017  4138  4018  4139  4019  4140,
             4020  4141  4021  4142  4022  4143  4023  4144  4024  4145,
             4025  4146  4026  4147  4027  4148  4028  4149  4029  4150,
             4030  4151  3798  3913  3799  3914  3800  3915  3801  3916,
             3802  3917  3803  3918  3804  3919  3805  3920  3806  3921,
             3807  3922  3808  3923  4243  3924  4244  3925  4245  3926,
             4031  4152  4032  4153  4033  4154  4034  4155  4035  4156,
             4036  4157  4037  4158  4038  4159  4039  4160  4040  4161,
             4041  4162  4042  4163  4043  4164  4044  4165  3927  4246,
             3928  4247  3929  4248  3930  4249  3931  4250  3932  4251,
             3933  4252  3934  4253  3935  4254  3936  4255  4352  4256,
             4353  4257  4354  4258  4355  4259  4045  4166  4046  4167,
             4047  4168  4048  4169  4049  4170  4050  4171  4051  4172,
             4356  4470  4357  4471  4358  4472  4359  4473  4360  4474,
             4588  4475  4589  4476  4052  4173  4053  4174  4054  4175,
             4055  4176  4056  4177  4057  4178  4058  4179  4260  4361,
             4261  4362  4262  4363  4263  4364  4264  4365  4265  4366,
             4266  4367  4267  4368  4268  4369  4269  4370  4270  4371,
             4271  4372  4272  4373  4273  4374  4274  4375  4275  4376,
             4276  4377  4277  4378  4278  4379  4279  4380  4280  4381,
             4478  4590  4479  4591  4480  4592  4481  4593  4482  4594,
             4483  4595  4484  4596  4485  4597  4486  4598  4487  4599,
             4488  4600  4489  4601  4490  4602  4491  4603  4281  4382,
             4282  4383  4283  4384  4284  4385  4285  4386  4286  4387,
             4287  4388  4288  4389  4289  4390  4290  4391  4291  4392,
             4709  4393  4710  4394  4711  4395  4492  4604  4493  4605,
             4494  4606  4495  4607  4496  4608  4497  4609  4498  4610,
             4499  4611  4500  4612  4501  4613  4502  4614  4503  4615,
             4504  4616  4505  4617  4396  4712  4834  4397  4713  4835,
             4714  4398  4715  4836  4716  4399  4717  4837  4718  4400,
             4719  4838  4720  4839  4721  4840  4722  4841  4723  4842,
             4724  4843  4618  4961  4619  4962  4620  4963  4621  4964,
             4622  4965  5089  4966  5090  4967  5091  5217  5092  5218,
             5093  5219  5094  5220  5095  5221  5345  5222  5346  5223,
             4623  4725  4624  4726  4625  4727  4626  4728  4627  4729,
             4844  4730  4845  4731  4506  4846  4507  4847  4508  4848,
             4509  4849  4510  4968  4511  4628  4969  4629
 print totals
 compute domain integral
