c
domain dnr_010
 symmetric
 normal plane nx 0  ny -1.0  nz 0.0
 front nodes    371    556    741 linear verify
 function type b
 ignore crack face loading
 q-values      556    557    558    559    560    561    562    563,
               564    565    566    567    568    569    570    571,
               572    573    574    575    576    577    578    579,
               580    581    582    583    584    585    586    587,
               588    589    590    591    592    593    594    595,
               596    597    598    599    600    601    602    603,
               604    605    606    607    608    609    610    611,
               612    613    614    615    616    617    618    619,
               620    621    622    623    624    625    626    627,
               628    629    630    631    632    633    634    635,
               636    637    638    639    640    641    642    643,
               644    645    646    647    648    649    650    651,
               652    653    654    655    656    657    658    659,
               660    661    662    663    664    665    666    667,
               668    669    670    671    672    673    674    675,
               676    677    678    679    680    681    682    683,
               684    685    686    687    688    689    690    691,
               692    693    694    695    696    697    698    699,
               700    701    702    703    704    705    706    707,
               708    709    710    711    712    713    714    715,
               716    717    718    719    720    721    722    723,
               724    725    726    727    728    729    730    731,
               732    733    734    735    736    737    738    739,
               740   5975   5976   5977   5978   5979   5980   5981,
              5982   5983   5984   5985   5986   5987   5988   5989,
              5990   5991   5992   5993   5994   5995   5996   5997,
              5998   5999   6000   6001   6002   6003   6004   6005,
              6006   6007   6008   6009   6010   6011   6012   6013,
              6014   6015   6016   6017   6018   6019   6020   6021,
              6022   6023   6024   6025   6026   6027   6028   6029,
              6030   6031   6032   6033   6034   6035   6036   6037,
              6038   6039   6040   6041   6042   6043   6044   6045,
              6046   6047   6048   6049   6050   6051   6052   6053,
              6054   6055   6056   6057   6058   6059   6060   6061,
              6062   6063   6064   6065   6066   6067   6068   6069,
              6070   6071   6072   6073   6074   6075   6076   6077,
              6078   6079   6080   6081   6082   6083   6084   6085,
              6086   6087   6088   6089   6090   6091   6092   6093,
              6094   6095   6096   6097   6098   6099   6100   6101,
              6102   6103   6104   6105   6106   6107   6108   6109,
              6110   6111   6112   6113   6114   6115   6116   6117,
              6118   6119   6120   6121   6122   6123   6124   6125,
              6126   6127 1.000
 elements      21   149    22   150    23   151    24   152    25   153,
               26   154    27   155    28   156    29   157    30   158,
               31   159    32   160    33   161    34   162    35   163,
               36   164    37   165    38   166    39   167    40   168,
              277   405   278   406   279   407   280   408   281   409,
              282   410   283   411   284   412   285   413   286   414,
              287   415   288   416   289   417   290   418   291   419,
              292   420   293   421   294   422   295   423   296   424,
             1154  1280  1155  1281  1156  1282  1157  1283  1158  1284,
             1159  1285  1160  1286  1161  1287  1162  1288  1163  1289,
             1164  1290  1165  1291  1166  1292  1167  1293  1168  1294,
             1169  1295  1170  1296  1171  1297  1172  1298  1173  1299,
             1174  1300  1175  1400  1401  1527  1176  1402  1528  1301,
             1403  1529  1177  1404  1530  1302  1405  1531  1178  1406,
             1532  1303  1407  1533  1179  1408  1534  1304  1409  1535,
             1180  1410  1536  1305  1411  1537  1181  1412  1538  1306,
             1413  1539  1182  1414  1540  1307  1415  1541  1183  1416,
             1542  1308  1417  1543  1184  1418  1544  1309  1419  1545,
             1185  1420  1546  1310  1421  1547  1186  1422  1666  1792,
             1667  1793  1668  1794  1669  1795  1670  1796  1671  1797,
             1672  1798  1673  1799  1674  1800  1675  1801  1676  1802,
             1677  1803  1678  1804  1679  1805  1680  1806  1681  1807,
             1682  1808  1683  1809  1684  1810  1685  1811  1686  1812,
             1687  1548  1911  2038  1688  1912  2039  1813  1913  2040,
             1689  1914  2041  1814  1915  2042  1690  1916  2043  1815,
             1917  2044  1691  1918  2045  1816  1919  2046  1692  1920,
             2047  1817  1921  2048  1693  1922  2049  1818  1923  2050,
             1694  1924  2051  1819  1925  2052  1695  1926  2053  1820,
             1927  2054  1696  1928  2055  1821  1929  2056  1697  1930,
             2057  1822  1931  2058  1698  1932  4187  4732  4188  4733,
             4189  4734  4190  4735  4191  4736  4192  4737  4850  4738,
             4851  4739  4852  4740  4853  4741  4854  4742  4855  4743,
             4856  4744  4857  4745  4858  4970  4859  4971  4860  4972,
             4861  4973  4862  4974  4863  4975  5096  4976  5097  4977,
             5098  4978  5099  4979  5100  4980  5101  4981  5102  4982,
             5103  4983  4746  5104  4747  5105  4748  5106  4749  5107,
             4750  5108  4751  5224  4752  4864  4753  4865  4754  4866,
             4755  4867  4756  4868  4292  4869  4293  4870  4294  4871,
             4872  4984  5225  4985  5226  4986  5227  4873  4987  5228,
             4988  4874  4989  5109  4990  5110  4991  5111  4992  5112,
             4993  5113  4994  5114  4995  5115  4996  5116  4295  5347,
             4296  5117  4297  4401  4298  5118  4299  4402  4300  5119,
             4301  4403  4302  4875  4303  4404  4304  4405  4305  4406,
             4306  4407  4307  4408  4308  4409  4512  5473  4513  5348,
             4514  5349  4515  5350  4516  5474  4517  4630  4518  4631,
             4410  5601  5729  5475  5602  5476  5603  5477  5604  5730,
             5605  5478  5606  5479  4316  4418  4317  4419  4318  4420,
             4319  4421  4320  4422  4519  4423  4520  4424  4521  4425,
             4522  4426  4523  4427  4524  4428  4525  4429  4526  4430,
             4527  4431  4528  4632  4529  4633  4530  4634  4531  4635,
             4532  4636  5351  4637  5352  4638  5233  4639  5234  4640,
             5235  4641  5236  4642  5237  4643  5238  4644  5239  4645,
             4432  5353  4433  5354  4434  5355  4435  5356  4436  5480,
             4437  4533  4438  4534  4439  4535  4440  4536  4441  4537,
             4442  4538  4443  4539  4444  4540  4445  4541  4542  4646,
             4543  4647  4544  4648  4545  4649  4546  4650  5357  4651,
             5358  4652  5240  4653  5241  4654  5242  4655  5243  4656,
             4757  4657  4758  4658  4759  4659  4446  4760  4876  4447,
             4761  4877  4762  4448  4763  4878  4764  5244  4765  4879,
             4766  5481  4767  4880  4768  4881  4769  4882  5245  4883,
             5246  4884  5247  4547  4660  5001  4661  5002  4662  5003,
             4663  5004  4664  5005  5126  4770  5006  4771  5127  5248,
             5128  5249  5129  5250  5130  5251  5131  5252  5359  5731,
             5132  5360
 print totals
 compute domain integral
c
domain dnr_011
 symmetric
 normal plane nx 0  ny -1.0  nz 0.0
 front nodes    371    556    741 linear verify
 function type b
 ignore crack face loading
 q-values      556    557    558    559    560    561    562    563,
               564    565    566    567    568    569    570    571,
               572    573    574    575    576    577    578    579,
               580    581    582    583    584    585    586    587,
               588    589    590    591    592    593    594    595,
               596    597    598    599    600    601    602    603,
               604    605    606    607    608    609    610    611,
               612    613    614    615    616    617    618    619,
               620    621    622    623    624    625    626    627,
               628    629    630    631    632    633    634    635,
               636    637    638    639    640    641    642    643,
               644    645    646    647    648    649    650    651,
               652    653    654    655    656    657    658    659,
               660    661    662    663    664    665    666    667,
               668    669    670    671    672    673    674    675,
               676    677    678    679    680    681    682    683,
               684    685    686    687    688    689    690    691,
               692    693    694    695    696    697    698    699,
               700    701    702    703    704    705    706    707,
               708    709    710    711    712    713    714    715,
               716    717    718    719    720    721    722    723,
               724    725    726    727    728    729    730    731,
               732    733    734    735    736    737    738    739,
               740   5975   5976   5977   5978   5979   5980   5981,
              5982   5983   5984   5985   5986   5987   5988   5989,
              5990   5991   5992   5993   5994   5995   5996   5997,
              5998   5999   6000   6001   6002   6003   6004   6005,
              6006   6007   6008   6009   6010   6011   6012   6013,
              6014   6015   6016   6017   6018   6019   6020   6021,
              6022   6023   6024   6025   6026   6027   6028   6029,
              6030   6031   6032   6033   6034   6035   6036   6037,
              6038   6039   6040   6041   6042   6043   6044   6045,
              6046   6047   6048   6049   6050   6051   6052   6053,
              6054   6055   6056   6057   6058   6059   6060   6061,
              6062   6063   6064   6065   6066   6067   6068   6069,
              6070   6071   6072   6073   6074   6075   6076   6077,
              6078   6079   6080   6081   6082   6083   6084   6085,
              6086   6087   6088   6089   6090   6091   6092   6093,
              6094   6095   6096   6097   6098   6099   6100   6101,
              6102   6103   6104   6105   6106   6107   6108   6109,
              6110   6111   6112   6113   6114   6115   6116   6117,
              6118   6119   6120   6121   6122   6123   6124   6125,
              6126   6127   6128   6129   6130   6131   6132   6133,
              6134   6135   6136   6137   6138   6139   6140   6141,
              6142 1.000
 elements      21   149    22   150    23   151    24   152    25   153,
               26   154    27   155    28   156    29   157    30   158,
               31   159    32   160    33   161    34   162    35   163,
               36   164    37   165    38   166    39   167    40   168,
              277   405   278   406   279   407   280   408   281   409,
              282   410   283   411   284   412   285   413   286   414,
              287   415   288   416   289   417   290   418   291   419,
              292   420   293   421   294   422   295   423   296   424,
             1154  1280  1155  1281  1156  1282  1157  1283  1158  1284,
             1159  1285  1160  1286  1161  1287  1162  1288  1163  1289,
             1164  1290  1165  1291  1166  1292  1167  1293  1168  1294,
             1169  1295  1170  1296  1171  1297  1172  1298  1173  1299,
             1174  1300  1175  1400  1401  1527  1176  1402  1528  1301,
             1403  1529  1177  1404  1530  1302  1405  1531  1178  1406,
             1532  1303  1407  1533  1179  1408  1534  1304  1409  1535,
             1180  1410  1536  1305  1411  1537  1181  1412  1538  1306,
             1413  1539  1182  1414  1540  1307  1415  1541  1183  1416,
             1542  1308  1417  1543  1184  1418  1544  1309  1419  1545,
             1185  1420  1546  1310  1421  1547  1186  1422  1666  1792,
             1667  1793  1668  1794  1669  1795  1670  1796  1671  1797,
             1672  1798  1673  1799  1674  1800  1675  1801  1676  1802,
             1677  1803  1678  1804  1679  1805  1680  1806  1681  1807,
             1682  1808  1683  1809  1684  1810  1685  1811  1686  1812,
             1687  1548  1911  2038  1688  1912  2039  1813  1913  2040,
             1689  1914  2041  1814  1915  2042  1690  1916  2043  1815,
             1917  2044  1691  1918  2045  1816  1919  2046  1692  1920,
             2047  1817  1921  2048  1693  1922  2049  1818  1923  2050,
             1694  1924  2051  1819  1925  2052  1695  1926  2053  1820,
             1927  2054  1696  1928  2055  1821  1929  2056  1697  1930,
             2057  1822  1931  2058  1698  1932  4187  4732  4188  4733,
             4189  4734  4190  4735  4191  4736  4192  4737  4850  4738,
             4851  4739  4852  4740  4853  4741  4854  4742  4855  4743,
             4856  4744  4857  4745  4858  4970  4859  4971  4860  4972,
             4861  4973  4862  4974  4863  4975  5096  4976  5097  4977,
             5098  4978  5099  4979  5100  4980  5101  4981  5102  4982,
             5103  4983  4746  5104  4747  5105  4748  5106  4749  5107,
             4750  5108  4751  5224  4752  4864  4753  4865  4754  4866,
             4755  4867  4756  4868  4292  4869  4293  4870  4294  4871,
             4872  4984  5225  4985  5226  4986  5227  4873  4987  5228,
             4988  4874  4989  5109  4990  5110  4991  5111  4992  5112,
             4993  5113  4994  5114  4995  5115  4996  5116  4295  5347,
             4296  5117  4297  4401  4298  5118  4299  4402  4300  5119,
             4301  4403  4302  4875  4303  4404  4304  4405  4305  4406,
             4306  4407  4307  4408  4308  4409  4512  5473  4513  5348,
             4514  5349  4515  5350  4516  5474  4517  4630  4518  4631,
             4410  5601  5729  5475  5602  5476  5603  5477  5604  5730,
             5605  5478  5606  5479  4309  4997  4310  4411  4311  4412,
             4312  4413  4313  4414  4314  4415  4315  4416  4316  4418,
             4317  4419  4318  4420  4319  4421  4320  4422  4519  4423,
             4520  4424  4521  4425  4522  4426  4523  4427  4524  4428,
             4525  4429  4526  4430  4527  4431  4528  4632  4529  4633,
             4530  4634  4531  4635  4532  4636  5351  4637  5352  4638,
             5233  4639  5234  4640  5235  4641  5236  4642  5237  4643,
             5238  4644  5239  4645  4432  5353  4433  5354  4434  5355,
             4435  5356  4436  5480  4437  4533  4438  4534  4439  4535,
             4440  4536  4441  4537  4442  4538  4443  4539  4444  4540,
             4445  4541  4542  4646  4543  4647  4544  4648  4545  4649,
             4546  4650  5357  4651  5358  4652  5240  4653  5241  4654,
             5242  4655  5243  4656  4757  4657  4758  4658  4759  4659,
             4446  4760  4876  4447  4761  4877  4762  4448  4763  4878,
             4764  5244  4765  4879  4766  5481  4767  4880  4768  4881,
             4769  4882  5245  4883  5246  4884  5247  4547  4660  5001,
             4661  5002  4662  5003  4663  5004  4664  5005  5126  4770,
             5006  4771  5127  5248  5128  5249  5129  5250  5130  5251,
             5131  5252  5359  5731  5132  5360  4548  4665  4549  4666,
             4550  4667  4551  4668  4552  4669  4553  4670  4554  4671
 print totals
 compute domain integral
c
domain dnr_012
 symmetric
 normal plane nx 0  ny -1.0  nz 0.0
 front nodes    371    556    741 linear verify
 function type b
 ignore crack face loading
 q-values      556    557    558    559    560    561    562    563,
               564    565    566    567    568    569    570    571,
               572    573    574    575    576    577    578    579,
               580    581    582    583    584    585    586    587,
               588    589    590    591    592    593    594    595,
               596    597    598    599    600    601    602    603,
               604    605    606    607    608    609    610    611,
               612    613    614    615    616    617    618    619,
               620    621    622    623    624    625    626    627,
               628    629    630    631    632    633    634    635,
               636    637    638    639    640    641    642    643,
               644    645    646    647    648    649    650    651,
               652    653    654    655    656    657    658    659,
               660    661    662    663    664    665    666    667,
               668    669    670    671    672    673    674    675,
               676    677    678    679    680    681    682    683,
               684    685    686    687    688    689    690    691,
               692    693    694    695    696    697    698    699,
               700    701    702    703    704    705    706    707,
               708    709    710    711    712    713    714    715,
               716    717    718    719    720    721    722    723,
               724    725    726    727    728    729    730    731,
               732    733    734    735    736    737    738    739,
               740   5975   5976   5977   5978   5979   5980   5981,
              5982   5983   5984   5985   5986   5987   5988   5989,
              5990   5991   5992   5993   5994   5995   5996   5997,
              5998   5999   6000   6001   6002   6003   6004   6005,
              6006   6007   6008   6009   6010   6011   6012   6013,
              6014   6015   6016   6017   6018   6019   6020   6021,
              6022   6023   6024   6025   6026   6027   6028   6029,
              6030   6031   6032   6033   6034   6035   6036   6037,
              6038   6039   6040   6041   6042   6043   6044   6045,
              6046   6047   6048   6049   6050   6051   6052   6053,
              6054   6055   6056   6057   6058   6059   6060   6061,
              6062   6063   6064   6065   6066   6067   6068   6069,
              6070   6071   6072   6073   6074   6075   6076   6077,
              6078   6079   6080   6081   6082   6083   6084   6085,
              6086   6087   6088   6089   6090   6091   6092   6093,
              6094   6095   6096   6097   6098   6099   6100   6101,
              6102   6103   6104   6105   6106   6107   6108   6109,
              6110   6111   6112   6113   6114   6115   6116   6117,
              6118   6119   6120   6121   6122   6123   6124   6125,
              6126   6127   6128   6129   6130   6131   6132   6133,
              6134   6135   6136   6137   6138   6139   6140   6141,
              6142   6143   6144   6145   6146   6147   6148   6149,
              6150   6151   6152   6153   6154   6155   6156   6157 1.000
 elements      21   149    22   150    23   151    24   152    25   153,
               26   154    27   155    28   156    29   157    30   158,
               31   159    32   160    33   161    34   162    35   163,
               36   164    37   165    38   166    39   167    40   168,
              277   405   278   406   279   407   280   408   281   409,
              282   410   283   411   284   412   285   413   286   414,
              287   415   288   416   289   417   290   418   291   419,
              292   420   293   421   294   422   295   423   296   424,
             1154  1280  1155  1281  1156  1282  1157  1283  1158  1284,
             1159  1285  1160  1286  1161  1287  1162  1288  1163  1289,
             1164  1290  1165  1291  1166  1292  1167  1293  1168  1294,
             1169  1295  1170  1296  1171  1297  1172  1298  1173  1299,
             1174  1300  1175  1400  1401  1527  1176  1402  1528  1301,
             1403  1529  1177  1404  1530  1302  1405  1531  1178  1406,
             1532  1303  1407  1533  1179  1408  1534  1304  1409  1535,
             1180  1410  1536  1305  1411  1537  1181  1412  1538  1306,
             1413  1539  1182  1414  1540  1307  1415  1541  1183  1416,
             1542  1308  1417  1543  1184  1418  1544  1309  1419  1545,
             1185  1420  1546  1310  1421  1547  1186  1422  1666  1792,
             1667  1793  1668  1794  1669  1795  1670  1796  1671  1797,
             1672  1798  1673  1799  1674  1800  1675  1801  1676  1802,
             1677  1803  1678  1804  1679  1805  1680  1806  1681  1807,
             1682  1808  1683  1809  1684  1810  1685  1811  1686  1812,
             1687  1548  1911  2038  1688  1912  2039  1813  1913  2040,
             1689  1914  2041  1814  1915  2042  1690  1916  2043  1815,
             1917  2044  1691  1918  2045  1816  1919  2046  1692  1920,
             2047  1817  1921  2048  1693  1922  2049  1818  1923  2050,
             1694  1924  2051  1819  1925  2052  1695  1926  2053  1820,
             1927  2054  1696  1928  2055  1821  1929  2056  1697  1930,
             2057  1822  1931  2058  1698  1932  4187  4732  4188  4733,
             4189  4734  4190  4735  4191  4736  4192  4737  4850  4738,
             4851  4739  4852  4740  4853  4741  4854  4742  4855  4743,
             4856  4744  4857  4745  4858  4970  4859  4971  4860  4972,
             4861  4973  4862  4974  4863  4975  5096  4976  5097  4977,
             5098  4978  5099  4979  5100  4980  5101  4981  5102  4982,
             5103  4983  4746  5104  4747  5105  4748  5106  4749  5107,
             4750  5108  4751  5224  4752  4864  4753  4865  4754  4866,
             4755  4867  4756  4868  4292  4869  4293  4870  4294  4871,
             4872  4984  5225  4985  5226  4986  5227  4873  4987  5228,
             4988  4874  4989  5109  4990  5110  4991  5111  4992  5112,
             4993  5113  4994  5114  4995  5115  4996  5116  4295  5347,
             4296  5117  4297  4401  4298  5118  4299  4402  4300  5119,
             4301  4403  4302  4875  4303  4404  4304  4405  4305  4406,
             4306  4407  4307  4408  4308  4409  4512  5473  4513  5348,
             4514  5349  4515  5350  4516  5474  4517  4630  4518  4631,
             4410  5601  5729  5475  5602  5476  5603  5477  5604  5730,
             5605  5478  5606  5479  4309  4997  4310  4411  4311  4412,
             4312  4413  4313  4414  4314  4415  4315  4416  4417  5120,
             5229  4998  5121  4999  5122  5000  5123  5230  5124  5231,
             5125  5232  4316  4418  4317  4419  4318  4420  4319  4421,
             4320  4422  4519  4423  4520  4424  4521  4425  4522  4426,
             4523  4427  4524  4428  4525  4429  4526  4430  4527  4431,
             4528  4632  4529  4633  4530  4634  4531  4635  4532  4636,
             5351  4637  5352  4638  5233  4639  5234  4640  5235  4641,
             5236  4642  5237  4643  5238  4644  5239  4645  4432  5353,
             4433  5354  4434  5355  4435  5356  4436  5480  4437  4533,
             4438  4534  4439  4535  4440  4536  4441  4537  4442  4538,
             4443  4539  4444  4540  4445  4541  4542  4646  4543  4647,
             4544  4648  4545  4649  4546  4650  5357  4651  5358  4652,
             5240  4653  5241  4654  5242  4655  5243  4656  4757  4657,
             4758  4658  4759  4659  4446  4760  4876  4447  4761  4877,
             4762  4448  4763  4878  4764  5244  4765  4879  4766  5481,
             4767  4880  4768  4881  4769  4882  5245  4883  5246  4884,
             5247  4547  4660  5001  4661  5002  4662  5003  4663  5004,
             4664  5005  5126  4770  5006  4771  5127  5248  5128  5249,
             5129  5250  5130  5251  5131  5252  5359  5731  5132  5360,
             4548  4665  4549  4666  4550  4667  4551  4668  4552  4669,
             4553  4670  4554  4671  4772  4885  4773  4886  4774  4887,
             4775  4888  4776  4889  4777  4890  4778  4891
 print totals
 compute domain integral
