c
domain dnr_049
 symmetric
 normal plane nx 0  ny -1.0  nz 0.0
 front nodes   2776   2961   3146 linear verify
 function type b
 ignore crack face loading
 q-values     2961   2962   2963   2964   2965   2966   2967   2968,
              2969   2970   2971   2972   2973   2974   2975   2976,
              2977   2978   2979   2980   2981   2982   2983   2984,
              2985   2986   2987   2988   2989   2990   2991   2992,
              2993   2994   2995   2996   2997   2998   2999   3000,
              3001   3002   3003   3004   3005   3006   3007   3008,
              3009   3010   3011   3012   3013   3014   3015   3016,
              3017   3018   3019   3020   3021   3022   3023   3024,
              3025   3026   3027   3028   3029   3030   3031   3032,
              3033   3034   3035   3036   3037   3038   3039   3040,
              3041   3042   3043   3044   3045   3046   3047   3048,
              3049   3050   3051   3052   3053   3054   3055   3056,
              3057   3058   3059   3060   3061   3062   3063   3064,
              3065   3066   3067   3068   3069   3070   3071   3072,
              3073   3074   3075   3076   3077   3078   3079   3080,
              3081   3082   3083   3084   3085   3086   3087   3088,
              3089   3090   3091   3092   3093   3094   3095   3096,
              3097   3098   3099   3100   3101   3102   3103   3104,
              3105   3106   3107   3108   3109   3110   3111   3112,
              3113   3114   3115   3116   3117   3118   3119   3120,
              3121   3122   3123   3124   3125   3126   3127   3128,
              3129   3130   3131   3132   3133   3134   3135   3136,
              3137   3138   3139   3140   3141   3142   3143   3144,
              3145   8594   8595   8596   8597   8598   8599   8600,
              8601   8602   8603   8604   8605   8606   8607   8608,
              8609   8610   8611   8612   8613   8614   8615   8616,
              8617   8618   8619   8620   8621   8622   8623   8624,
              8625   8626   8627   8628   8629   8630   8631   8632,
              8633   8634   8635   8636   8637   8638   8639   8640,
              8641   8642   8643   8644   8645   8646   8647   8648,
              8649   8650   8651   8652   8653   8654   8655   8656,
              8657   8658   8659   8660   8661   8662   8663   8664,
              8665   8666   8667   8668   8669   8670   8671   8672,
              8673   8674   8675   8676   8677   8678   8679   8680,
              8681   8682   8683   8684   8685   8686   8687   8688,
              8689   8690   8691   8692   8693   8694   8695   8696,
              8697   8698   8699   8700   8701   8702   8703   8704,
              8705   8706   8707   8708   8709   8710   8711   8712,
              8713   8714   8715   8716   8717   8718   8719   8720,
              8721   8722   8723   8724   8725   8726   8727   8728,
              8729   8730   8731   8732   8733   8734   8735   8736,
              8737   8738   8739   8740   8741   8742   8743   8744,
              8745   8746 1.000
 elements     781   909   782   910   783   911   784   912   785   913,
              786   914   787   915   788   916   789   917   790   918,
              791   919   792   920   793   921   794   922   795   923,
              796   924   797   925   798   926   799   927   800   928,
              545   673   546   674   547   675   548   676   549   677,
              550   678   551   679   552   680   553   681   554   682,
              555   683   556   684   557   685   558   686   559   687,
              560   688   561   689   562   690   563   691   564   692,
             2491  2603  2492  2604  2493  2605  2494  2606  2719  2607,
             2495  2608  2496  2609  2497  2610  2498  2611  2499  2612,
             2500  2613  2501  2614  2502  2615  2503  2372  2616  2373,
             2617  2374  2618  2375  2619  2376  2620  2377  2621  2378,
             3076  2379  2504  2720  2956  3077  2505  2957  3078  2622,
             2721  2843  2506  2722  2844  2623  2958  3079  3180  2959,
             3080  2507  2960  3081  2624  2961  3082  2508  2962  3083,
             2625  2963  3084  2509  2964  3085  2626  2965  3086  2510,
             2966  3087  2627  3181  3088  2380  3182  3089  2628  2967,
             3090  2381  2968  3091  2629  2969  3092  2382  2970  3093,
             2630  3183  2723  2383  3184  3299  2631  2845  2267  2384,
             2268  2385  2269  2386  2270  2387  2271  2388  2272  2389,
             2724  2390  2725  2391  2726  2392  2727  2393  2728  2394,
             2729  2395  2730  2396  2731  2846  2511  2732  2512  2733,
             2513  2734  2514  2735  2515  2736  2516  2847  2517  2632,
             2971  2848  2737  2849  2397  2738  2850  3185  2972  3094,
             2398  2973  3095  3300  2518  2851  2399  2739  2852  3301,
             3186  2853  2400  3187  2854  2740  3188  2855  3302  3189,
             2856  2741  3190  2857  3303  3191  2858  2742  3192  2859,
             3304  2974  3305  2519  2975  2860  2743  3193  2861  2520,
             3194  2862  2744  3195  2863  2521  3196  2864  2745  2976,
             3306  2522  2977  2746  3096  3197  6736  7309  6737  7310,
             6738  7198  6739  7311  6740  7420  6741  7546  6742  6968,
             6743  7547  6744  6852  6745  6853  6746  6969  7312  6970,
             7087  6854  7313  6855  7548  7660  7549  7421  7550  7661,
             7784  7422  7785  7551  6856  7662  7314  7552  7423  7663,
             7315  7664  6971  7424  7553  7425  7554  7426  7316  7427,
             7665  7428  6747  6857  7786  6858  7787  6859  7910  6748,
             6860  7429  7788  7555  7789  6749  7790  6750  7791  7088,
             6861  7666  6751  7667  7317  7668  6972  7089  6973  7318,
             7556  7669  7090  7199  7091  7319  7670  7320  7792  7200,
             7321  7201  7322  7557  7323  7558  7430  7671  6974  7431,
             6975  7092  7432  6862  7202  7324  7559  7093  6752  6863,
             7793  7325  7433  6864  7434  6865  7560  7672  7794  7435,
             7673  8036  6866  7674  7795  7094  6867  7095  7675  7796,
             7911  7326  7436  7676  6976  7327  7561  7677  7562  7678,
             7328  8161  7329  8162  7437  6977  7438  8163  7797  7912,
             8037  8164  7798  8165  6868  8289  7679  8290  7913  7799,
             8291  6978  8292  8038  6877  6988  6878  6989  6879  6990,
             6880  6991  7101  6992  7102  6993  7103  7209  7104  6994,
             7105  7210  7106  7211  7107  7212  7108  7213  7563  6995,
             7109  6996  7110  7214  7111  7215  7112  7334  7113  7216,
             7684  7217  7335  7218  7443  7685  7336  7219  7444  7564,
             7337  7801  7338  7802  7915  7803  7916  7220  7565  7221,
             6997  7339  6998  7340  6999  7222  7000  7566  7001  7114,
             7002  7115  7003  7116  7004  7117  7005  7223  7917  7118,
             7224  8039  7006  7119  7567  7804  7918  7805  7120  7225,
             7445  7568  7686  7569  7121  7226  7919  8040  7920  8041,
             7921  7227  7446  7228  7341  7570  7342  7571  7343  7572,
             7229  7806  7922  8042  7230  7447  7007  7344  7008  7923,
             7807  7231  7924  8043  7122  7448  7123  7573  7124  7808,
             7125  7925  8044  7232  8045  7233  7926  8046  7687  7126,
             7574  7127  8166  7688  7128  7234  7129  8293  7235  7927,
             7236  7575  7345  7576  7346  7237  8417  7238  7449  7928,
             7347  8047  7577  8048  7450  8418  7689  8167  7130  7578,
             7348  7451
 print totals
 compute domain integral
c
domain dnr_050
 symmetric
 normal plane nx 0  ny -1.0  nz 0.0
 front nodes   2776   2961   3146 linear verify
 function type b
 ignore crack face loading
 q-values     2961   2962   2963   2964   2965   2966   2967   2968,
              2969   2970   2971   2972   2973   2974   2975   2976,
              2977   2978   2979   2980   2981   2982   2983   2984,
              2985   2986   2987   2988   2989   2990   2991   2992,
              2993   2994   2995   2996   2997   2998   2999   3000,
              3001   3002   3003   3004   3005   3006   3007   3008,
              3009   3010   3011   3012   3013   3014   3015   3016,
              3017   3018   3019   3020   3021   3022   3023   3024,
              3025   3026   3027   3028   3029   3030   3031   3032,
              3033   3034   3035   3036   3037   3038   3039   3040,
              3041   3042   3043   3044   3045   3046   3047   3048,
              3049   3050   3051   3052   3053   3054   3055   3056,
              3057   3058   3059   3060   3061   3062   3063   3064,
              3065   3066   3067   3068   3069   3070   3071   3072,
              3073   3074   3075   3076   3077   3078   3079   3080,
              3081   3082   3083   3084   3085   3086   3087   3088,
              3089   3090   3091   3092   3093   3094   3095   3096,
              3097   3098   3099   3100   3101   3102   3103   3104,
              3105   3106   3107   3108   3109   3110   3111   3112,
              3113   3114   3115   3116   3117   3118   3119   3120,
              3121   3122   3123   3124   3125   3126   3127   3128,
              3129   3130   3131   3132   3133   3134   3135   3136,
              3137   3138   3139   3140   3141   3142   3143   3144,
              3145   8594   8595   8596   8597   8598   8599   8600,
              8601   8602   8603   8604   8605   8606   8607   8608,
              8609   8610   8611   8612   8613   8614   8615   8616,
              8617   8618   8619   8620   8621   8622   8623   8624,
              8625   8626   8627   8628   8629   8630   8631   8632,
              8633   8634   8635   8636   8637   8638   8639   8640,
              8641   8642   8643   8644   8645   8646   8647   8648,
              8649   8650   8651   8652   8653   8654   8655   8656,
              8657   8658   8659   8660   8661   8662   8663   8664,
              8665   8666   8667   8668   8669   8670   8671   8672,
              8673   8674   8675   8676   8677   8678   8679   8680,
              8681   8682   8683   8684   8685   8686   8687   8688,
              8689   8690   8691   8692   8693   8694   8695   8696,
              8697   8698   8699   8700   8701   8702   8703   8704,
              8705   8706   8707   8708   8709   8710   8711   8712,
              8713   8714   8715   8716   8717   8718   8719   8720,
              8721   8722   8723   8724   8725   8726   8727   8728,
              8729   8730   8731   8732   8733   8734   8735   8736,
              8737   8738   8739   8740   8741   8742   8743   8744,
              8745   8746   8747   8748   8749   8750   8751   8752,
              8753   8754   8755   8756   8757   8758   8759   8760,
              8761 1.000
 elements     781   909   782   910   783   911   784   912   785   913,
              786   914   787   915   788   916   789   917   790   918,
              791   919   792   920   793   921   794   922   795   923,
              796   924   797   925   798   926   799   927   800   928,
              545   673   546   674   547   675   548   676   549   677,
              550   678   551   679   552   680   553   681   554   682,
              555   683   556   684   557   685   558   686   559   687,
              560   688   561   689   562   690   563   691   564   692,
             2491  2603  2492  2604  2493  2605  2494  2606  2719  2607,
             2495  2608  2496  2609  2497  2610  2498  2611  2499  2612,
             2500  2613  2501  2614  2502  2615  2503  2372  2616  2373,
             2617  2374  2618  2375  2619  2376  2620  2377  2621  2378,
             3076  2379  2504  2720  2956  3077  2505  2957  3078  2622,
             2721  2843  2506  2722  2844  2623  2958  3079  3180  2959,
             3080  2507  2960  3081  2624  2961  3082  2508  2962  3083,
             2625  2963  3084  2509  2964  3085  2626  2965  3086  2510,
             2966  3087  2627  3181  3088  2380  3182  3089  2628  2967,
             3090  2381  2968  3091  2629  2969  3092  2382  2970  3093,
             2630  3183  2723  2383  3184  3299  2631  2845  2267  2384,
             2268  2385  2269  2386  2270  2387  2271  2388  2272  2389,
             2724  2390  2725  2391  2726  2392  2727  2393  2728  2394,
             2729  2395  2730  2396  2731  2846  2511  2732  2512  2733,
             2513  2734  2514  2735  2515  2736  2516  2847  2517  2632,
             2971  2848  2737  2849  2397  2738  2850  3185  2972  3094,
             2398  2973  3095  3300  2518  2851  2399  2739  2852  3301,
             3186  2853  2400  3187  2854  2740  3188  2855  3302  3189,
             2856  2741  3190  2857  3303  3191  2858  2742  3192  2859,
             3304  2974  3305  2519  2975  2860  2743  3193  2861  2520,
             3194  2862  2744  3195  2863  2521  3196  2864  2745  2976,
             3306  2522  2977  2746  3096  3197  6736  7309  6737  7310,
             6738  7198  6739  7311  6740  7420  6741  7546  6742  6968,
             6743  7547  6744  6852  6745  6853  6746  6969  7312  6970,
             7087  6854  7313  6855  7548  7660  7549  7421  7550  7661,
             7784  7422  7785  7551  6856  7662  7314  7552  7423  7663,
             7315  7664  6971  7424  7553  7425  7554  7426  7316  7427,
             7665  7428  6747  6857  7786  6858  7787  6859  7910  6748,
             6860  7429  7788  7555  7789  6749  7790  6750  7791  7088,
             6861  7666  6751  7667  7317  7668  6972  7089  6973  7318,
             7556  7669  7090  7199  7091  7319  7670  7320  7792  7200,
             7321  7201  7322  7557  7323  7558  7430  7671  6974  7431,
             6975  7092  7432  6862  7202  7324  7559  7093  6752  6863,
             7793  7325  7433  6864  7434  6865  7560  7672  7794  7435,
             7673  8036  6866  7674  7795  7094  6867  7095  7675  7796,
             7911  7326  7436  7676  6976  7327  7561  7677  7562  7678,
             7328  8161  7329  8162  7437  6977  7438  8163  7797  7912,
             8037  8164  7798  8165  6868  8289  7679  8290  7913  7799,
             8291  6978  8292  8038  6979  7203  6869  6980  7096  6981,
             6870  6982  7097  6983  7204  6871  7205  6872  6877  6988,
             6878  6989  6879  6990  6880  6991  7101  6992  7102  6993,
             7103  7209  7104  6994  7105  7210  7106  7211  7107  7212,
             7108  7213  7563  6995  7109  6996  7110  7214  7111  7215,
             7112  7334  7113  7216  7684  7217  7335  7218  7443  7685,
             7336  7219  7444  7564  7337  7801  7338  7802  7915  7803,
             7916  7220  7565  7221  6997  7339  6998  7340  6999  7222,
             7000  7566  7001  7114  7002  7115  7003  7116  7004  7117,
             7005  7223  7917  7118  7224  8039  7006  7119  7567  7804,
             7918  7805  7120  7225  7445  7568  7686  7569  7121  7226,
             7919  8040  7920  8041  7921  7227  7446  7228  7341  7570,
             7342  7571  7343  7572  7229  7806  7922  8042  7230  7447,
             7007  7344  7008  7923  7807  7231  7924  8043  7122  7448,
             7123  7573  7124  7808  7125  7925  8044  7232  8045  7233,
             7926  8046  7687  7126  7574  7127  8166  7688  7128  7234,
             7129  8293  7235  7927  7236  7575  7345  7576  7346  7237,
             8417  7238  7449  7928  7347  8047  7577  8048  7450  8418,
             7689  8167  7130  7578  7348  7451  7131  7579  7132  7690,
             7809  7239  7580  7240  7452  7581  7453  7810  7133  7582
 print totals
 compute domain integral
c
domain dnr_051
 symmetric
 normal plane nx 0  ny -1.0  nz 0.0
 front nodes   2776   2961   3146 linear verify
 function type b
 ignore crack face loading
 q-values     2961   2962   2963   2964   2965   2966   2967   2968,
              2969   2970   2971   2972   2973   2974   2975   2976,
              2977   2978   2979   2980   2981   2982   2983   2984,
              2985   2986   2987   2988   2989   2990   2991   2992,
              2993   2994   2995   2996   2997   2998   2999   3000,
              3001   3002   3003   3004   3005   3006   3007   3008,
              3009   3010   3011   3012   3013   3014   3015   3016,
              3017   3018   3019   3020   3021   3022   3023   3024,
              3025   3026   3027   3028   3029   3030   3031   3032,
              3033   3034   3035   3036   3037   3038   3039   3040,
              3041   3042   3043   3044   3045   3046   3047   3048,
              3049   3050   3051   3052   3053   3054   3055   3056,
              3057   3058   3059   3060   3061   3062   3063   3064,
              3065   3066   3067   3068   3069   3070   3071   3072,
              3073   3074   3075   3076   3077   3078   3079   3080,
              3081   3082   3083   3084   3085   3086   3087   3088,
              3089   3090   3091   3092   3093   3094   3095   3096,
              3097   3098   3099   3100   3101   3102   3103   3104,
              3105   3106   3107   3108   3109   3110   3111   3112,
              3113   3114   3115   3116   3117   3118   3119   3120,
              3121   3122   3123   3124   3125   3126   3127   3128,
              3129   3130   3131   3132   3133   3134   3135   3136,
              3137   3138   3139   3140   3141   3142   3143   3144,
              3145   8594   8595   8596   8597   8598   8599   8600,
              8601   8602   8603   8604   8605   8606   8607   8608,
              8609   8610   8611   8612   8613   8614   8615   8616,
              8617   8618   8619   8620   8621   8622   8623   8624,
              8625   8626   8627   8628   8629   8630   8631   8632,
              8633   8634   8635   8636   8637   8638   8639   8640,
              8641   8642   8643   8644   8645   8646   8647   8648,
              8649   8650   8651   8652   8653   8654   8655   8656,
              8657   8658   8659   8660   8661   8662   8663   8664,
              8665   8666   8667   8668   8669   8670   8671   8672,
              8673   8674   8675   8676   8677   8678   8679   8680,
              8681   8682   8683   8684   8685   8686   8687   8688,
              8689   8690   8691   8692   8693   8694   8695   8696,
              8697   8698   8699   8700   8701   8702   8703   8704,
              8705   8706   8707   8708   8709   8710   8711   8712,
              8713   8714   8715   8716   8717   8718   8719   8720,
              8721   8722   8723   8724   8725   8726   8727   8728,
              8729   8730   8731   8732   8733   8734   8735   8736,
              8737   8738   8739   8740   8741   8742   8743   8744,
              8745   8746   8747   8748   8749   8750   8751   8752,
              8753   8754   8755   8756   8757   8758   8759   8760,
              8761   8762   8763   8764   8765   8766   8767   8768,
              8769   8770   8771   8772   8773   8774   8775   8776 1.000
 elements     781   909   782   910   783   911   784   912   785   913,
              786   914   787   915   788   916   789   917   790   918,
              791   919   792   920   793   921   794   922   795   923,
              796   924   797   925   798   926   799   927   800   928,
              545   673   546   674   547   675   548   676   549   677,
              550   678   551   679   552   680   553   681   554   682,
              555   683   556   684   557   685   558   686   559   687,
              560   688   561   689   562   690   563   691   564   692,
             2491  2603  2492  2604  2493  2605  2494  2606  2719  2607,
             2495  2608  2496  2609  2497  2610  2498  2611  2499  2612,
             2500  2613  2501  2614  2502  2615  2503  2372  2616  2373,
             2617  2374  2618  2375  2619  2376  2620  2377  2621  2378,
             3076  2379  2504  2720  2956  3077  2505  2957  3078  2622,
             2721  2843  2506  2722  2844  2623  2958  3079  3180  2959,
             3080  2507  2960  3081  2624  2961  3082  2508  2962  3083,
             2625  2963  3084  2509  2964  3085  2626  2965  3086  2510,
             2966  3087  2627  3181  3088  2380  3182  3089  2628  2967,
             3090  2381  2968  3091  2629  2969  3092  2382  2970  3093,
             2630  3183  2723  2383  3184  3299  2631  2845  2267  2384,
             2268  2385  2269  2386  2270  2387  2271  2388  2272  2389,
             2724  2390  2725  2391  2726  2392  2727  2393  2728  2394,
             2729  2395  2730  2396  2731  2846  2511  2732  2512  2733,
             2513  2734  2514  2735  2515  2736  2516  2847  2517  2632,
             2971  2848  2737  2849  2397  2738  2850  3185  2972  3094,
             2398  2973  3095  3300  2518  2851  2399  2739  2852  3301,
             3186  2853  2400  3187  2854  2740  3188  2855  3302  3189,
             2856  2741  3190  2857  3303  3191  2858  2742  3192  2859,
             3304  2974  3305  2519  2975  2860  2743  3193  2861  2520,
             3194  2862  2744  3195  2863  2521  3196  2864  2745  2976,
             3306  2522  2977  2746  3096  3197  6736  7309  6737  7310,
             6738  7198  6739  7311  6740  7420  6741  7546  6742  6968,
             6743  7547  6744  6852  6745  6853  6746  6969  7312  6970,
             7087  6854  7313  6855  7548  7660  7549  7421  7550  7661,
             7784  7422  7785  7551  6856  7662  7314  7552  7423  7663,
             7315  7664  6971  7424  7553  7425  7554  7426  7316  7427,
             7665  7428  6747  6857  7786  6858  7787  6859  7910  6748,
             6860  7429  7788  7555  7789  6749  7790  6750  7791  7088,
             6861  7666  6751  7667  7317  7668  6972  7089  6973  7318,
             7556  7669  7090  7199  7091  7319  7670  7320  7792  7200,
             7321  7201  7322  7557  7323  7558  7430  7671  6974  7431,
             6975  7092  7432  6862  7202  7324  7559  7093  6752  6863,
             7793  7325  7433  6864  7434  6865  7560  7672  7794  7435,
             7673  8036  6866  7674  7795  7094  6867  7095  7675  7796,
             7911  7326  7436  7676  6976  7327  7561  7677  7562  7678,
             7328  8161  7329  8162  7437  6977  7438  8163  7797  7912,
             8037  8164  7798  8165  6868  8289  7679  8290  7913  7799,
             8291  6978  8292  8038  6979  7203  6869  6980  7096  6981,
             6870  6982  7097  6983  7204  6871  7205  6872  7439  7680,
             7440  7206  7330  7441  7100  7331  7682  7332  7683  6986,
             7333  6987  6877  6988  6878  6989  6879  6990  6880  6991,
             7101  6992  7102  6993  7103  7209  7104  6994  7105  7210,
             7106  7211  7107  7212  7108  7213  7563  6995  7109  6996,
             7110  7214  7111  7215  7112  7334  7113  7216  7684  7217,
             7335  7218  7443  7685  7336  7219  7444  7564  7337  7801,
             7338  7802  7915  7803  7916  7220  7565  7221  6997  7339,
             6998  7340  6999  7222  7000  7566  7001  7114  7002  7115,
             7003  7116  7004  7117  7005  7223  7917  7118  7224  8039,
             7006  7119  7567  7804  7918  7805  7120  7225  7445  7568,
             7686  7569  7121  7226  7919  8040  7920  8041  7921  7227,
             7446  7228  7341  7570  7342  7571  7343  7572  7229  7806,
             7922  8042  7230  7447  7007  7344  7008  7923  7807  7231,
             7924  8043  7122  7448  7123  7573  7124  7808  7125  7925,
             8044  7232  8045  7233  7926  8046  7687  7126  7574  7127,
             8166  7688  7128  7234  7129  8293  7235  7927  7236  7575,
             7345  7576  7346  7237  8417  7238  7449  7928  7347  8047,
             7577  8048  7450  8418  7689  8167  7130  7578  7348  7451,
             7131  7579  7132  7690  7809  7239  7580  7240  7452  7581,
             7453  7810  7133  7582  7349  7811  7350  7584  7930  8049,
             7813  7931  8050  8168  7135  7586  7692  7815
 print totals
 compute domain integral
