c
domain dnr_055
 symmetric
 normal plane nx 0  ny -1.0  nz 0.0
 front nodes   3146   3331   3516 linear verify
 function type b
 ignore crack face loading
 q-values     3331   3332   3333   3334   3335   3336   3337   3338,
              3339   3340   3341   3342   3343   3344   3345   3346,
              3347   3348   3349   3350   3351   3352   3353   3354,
              3355   3356   3357   3358   3359   3360   3361   3362,
              3363   3364   3365   3366   3367   3368   3369   3370,
              3371   3372   3373   3374   3375   3376   3377   3378,
              3379   3380   3381   3382   3383   3384   3385   3386,
              3387   3388   3389   3390   3391   3392   3393   3394,
              3395   3396   3397   3398   3399   3400   3401   3402,
              3403   3404   3405   3406   3407   3408   3409   3410,
              3411   3412   3413   3414   3415   3416   3417   3418,
              3419   3420   3421   3422   3423   3424   3425   3426,
              3427   3428   3429   3430   3431   3432   3433   3434,
              3435   3436   3437   3438   3439   3440   3441   3442,
              3443   3444   3445   3446   3447   3448   3449   3450,
              3451   3452   3453   3454   3455   3456   3457   3458,
              3459   3460   3461   3462   3463   3464   3465   3466,
              3467   3468   3469   3470   3471   3472   3473   3474,
              3475   3476   3477   3478   3479   3480   3481   3482,
              3483   3484   3485   3486   3487   3488   3489   3490,
              3491   3492   3493   3494   3495   3496   3497   3498,
              3499   3500   3501   3502   3503   3504   3505   3506,
              3507   3508   3509   3510   3511   3512   3513   3514,
              3515   9005   9006   9007   9008   9009   9010   9011,
              9012   9013   9014   9015   9016   9017   9018   9019,
              9020   9021   9022   9023   9024   9025   9026   9027,
              9028   9029   9030   9031   9032   9033   9034   9035,
              9036   9037   9038   9039   9040   9041   9042   9043,
              9044   9045   9046   9047   9048   9049   9050   9051,
              9052   9053   9054   9055   9056   9057   9058   9059,
              9060   9061   9062   9063   9064   9065   9066   9067,
              9068   9069   9070   9071   9072   9073   9074   9075,
              9076   9077   9078   9079   9080   9081   9082   9083,
              9084   9085   9086   9087   9088   9089   9090   9091,
              9092   9093   9094   9095   9096   9097   9098   9099,
              9100   9101   9102   9103   9104   9105   9106   9107,
              9108   9109   9110   9111   9112   9113   9114   9115,
              9116   9117   9118   9119   9120   9121   9122   9123,
              9124   9125   9126   9127   9128   9129   9130   9131,
              9132   9133   9134   9135   9136   9137   9138   9139,
              9140   9141   9142   9143   9144   9145   9146   9147,
              9148   9149   9150   9151   9152   9153   9154   9155,
              9156   9157 1.000
 elements     801   929   802   930   803   931   804   932   805   933,
              806   934   807   935   808   936   809   937   810   938,
              811   939   812   940   813   941   814   942   815   943,
              816   944   817   945   818   946   819   947   820   948,
              565   693   566   694   567   695   568   696   569   697,
              570   698   571   699   572   700   573   701   574   702,
              575   703   576   704   577   705   578   706   579   707,
              580   708   581   709   582   710   583   711   584   712,
             2523  2633  2524  2634  2525  2635  2526  2636  2747  2637,
             2527  2638  2528  2639  2978  2640  2979  2641  2980  2642,
             2981  2643  2982  2644  2983  2645  3097  2646  3098  2647,
             2984  2648  2985  2649  2986  2650  2987  2651  3099  2652,
             3100  3307  3101  2748  2988  3102  2653  2989  3103  3308,
             2749  2865  2654  2750  2866  3198  2990  3104  2655  2991,
             3105  3425  2992  3106  2656  3309  3107  2993  3426  3108,
             3553  3427  3109  2994  3428  3110  3554  3429  3111  2995,
             3430  3555  3681  3199  3431  3112  3200  3310  3556  3113,
             3311  2996  3114  3312  3432  3115  3313  2997  3116  3314,
             3433  3201  2751  3557  3202  2867  3434  3558  2752  2868,
             2753  2869  2998  3117  2999  3118  3203  2870  2754  2871,
             2755  2872  2756  2873  2757  2874  2758  2875  2759  2876,
             2760  2877  2761  2878  2762  2879  2763  2880  2764  2881,
             2765  2882  2766  2883  2767  2884  3000  2885  3001  3435,
             3002  2886  3204  3436  2768  3205  3437  2887  3206  3315,
             3003  3438  3316  3119  3439  3317  2769  3207  3318  2888,
             3208  3440  2770  3209  3682  2889  3210  3319  2771  3211,
             3320  2890  3212  3321  2772  3213  3322  2891  3214  3323,
             2773  3004  3324  2892  3005  3441  2774  3215  3559  2893,
             3216  3560  2775  3217  3561  2894  3218  3683  2776  3809,
             3325  2895  3684  2777  3006  3219  7351  7456  7352  7457,
             7587  7245  7458  7353  7459  7588  7460  7589  7354  7590,
             7461  7591  7355  7693  7462  7592  7463  7593  7356  7464,
             7357  7465  7358  7466  7594  7694  7595  7695  7816  7696,
             7817  7932  7818  7933  7697  7819  7934  7820  7935  7698,
             7821  8051  8169  7699  7936  7700  8170  7701  8052  7702,
             8053  7703  7467  7822  7937  8054  7468  7938  7469  7359,
             7470  7596  7471  7597  7360  7598  8055  7599  7939  7704,
             7472  8056  7473  8294  7361  7474  7362  7475  7363  8171,
             7600  7705  8172  7246  8173  7364  7706  7823  7707  7247,
             7365  7248  7476  7708  7366  7709  7477  7824  8174  7710,
             7825  8175  7940  8057  7249  7711  7601  8058  7478  7826,
             8059  7367  7479  8419  7480  7368  7602  7827  7712  7828,
             7369  8060  8176  7829  8177  7941  7481  8295  7482  8296,
             7483  7370  7484  7830  7942  7371  7603  7713  7604  7714,
             8178  8297  7715  8298  8545  7831  8420  7832  7716  7605,
             8179  8299  7833  8546  7372  8421  7373  7943  8673  8300,
             7944  8180  8061  8301  7255  7835  7256  7947  7379  7948,
             7606  7257  7721  7258  7380  7259  7489  7260  7381  7261,
             7490  7262  7382  7263  7383  7264  7836  7607  7837  7608,
             7838  7609  7949  8065  8184  8303  8185  8066  8186  8067,
             8187  8068  8188  8069  7722  8189  8304  8190  8305  7610,
             7839  8306  7840  8070  7950  8307  7951  8191  7952  8308,
             7384  8309  7385  8422  7611  8310  7612  8311  8423  8312,
             8424  8313  8425  8547  7491  8426  7386  8427  7387  7613,
             7388  7614  7841  7615  7842  8314  7843  7492  7953  8428,
             7493  7723  7844  8071  8192  7954  8072  7955  8073  7956,
             8193  7845  7957  8315  8074  7616  8548  7958  8429  7724,
             8430  7725  7959  8075  8431  7726  7389  8549  7960  8316,
             7961  8317  8674  8318  7494  8550  7495  7617  8432  7618,
             7496  7619  7390  7727  7391  7620  7392  7621  8551  7622,
             8194  8552  7497  7846  8433  8675  8076  7962  8077  7963,
             8553  8434  8078  8195  7728  8676  8435  8196  7498  8801,
             8197  8802  7623  8677  7847  8803  7624  8804  8079  8805,
             8929  8678
 print totals
 compute domain integral
c
domain dnr_056
 symmetric
 normal plane nx 0  ny -1.0  nz 0.0
 front nodes   3146   3331   3516 linear verify
 function type b
 ignore crack face loading
 q-values     3331   3332   3333   3334   3335   3336   3337   3338,
              3339   3340   3341   3342   3343   3344   3345   3346,
              3347   3348   3349   3350   3351   3352   3353   3354,
              3355   3356   3357   3358   3359   3360   3361   3362,
              3363   3364   3365   3366   3367   3368   3369   3370,
              3371   3372   3373   3374   3375   3376   3377   3378,
              3379   3380   3381   3382   3383   3384   3385   3386,
              3387   3388   3389   3390   3391   3392   3393   3394,
              3395   3396   3397   3398   3399   3400   3401   3402,
              3403   3404   3405   3406   3407   3408   3409   3410,
              3411   3412   3413   3414   3415   3416   3417   3418,
              3419   3420   3421   3422   3423   3424   3425   3426,
              3427   3428   3429   3430   3431   3432   3433   3434,
              3435   3436   3437   3438   3439   3440   3441   3442,
              3443   3444   3445   3446   3447   3448   3449   3450,
              3451   3452   3453   3454   3455   3456   3457   3458,
              3459   3460   3461   3462   3463   3464   3465   3466,
              3467   3468   3469   3470   3471   3472   3473   3474,
              3475   3476   3477   3478   3479   3480   3481   3482,
              3483   3484   3485   3486   3487   3488   3489   3490,
              3491   3492   3493   3494   3495   3496   3497   3498,
              3499   3500   3501   3502   3503   3504   3505   3506,
              3507   3508   3509   3510   3511   3512   3513   3514,
              3515   9005   9006   9007   9008   9009   9010   9011,
              9012   9013   9014   9015   9016   9017   9018   9019,
              9020   9021   9022   9023   9024   9025   9026   9027,
              9028   9029   9030   9031   9032   9033   9034   9035,
              9036   9037   9038   9039   9040   9041   9042   9043,
              9044   9045   9046   9047   9048   9049   9050   9051,
              9052   9053   9054   9055   9056   9057   9058   9059,
              9060   9061   9062   9063   9064   9065   9066   9067,
              9068   9069   9070   9071   9072   9073   9074   9075,
              9076   9077   9078   9079   9080   9081   9082   9083,
              9084   9085   9086   9087   9088   9089   9090   9091,
              9092   9093   9094   9095   9096   9097   9098   9099,
              9100   9101   9102   9103   9104   9105   9106   9107,
              9108   9109   9110   9111   9112   9113   9114   9115,
              9116   9117   9118   9119   9120   9121   9122   9123,
              9124   9125   9126   9127   9128   9129   9130   9131,
              9132   9133   9134   9135   9136   9137   9138   9139,
              9140   9141   9142   9143   9144   9145   9146   9147,
              9148   9149   9150   9151   9152   9153   9154   9155,
              9156   9157   9158   9159   9160   9161   9162   9163,
              9164   9165   9166   9167   9168   9169   9170   9171,
              9172 1.000
 elements     801   929   802   930   803   931   804   932   805   933,
              806   934   807   935   808   936   809   937   810   938,
              811   939   812   940   813   941   814   942   815   943,
              816   944   817   945   818   946   819   947   820   948,
              565   693   566   694   567   695   568   696   569   697,
              570   698   571   699   572   700   573   701   574   702,
              575   703   576   704   577   705   578   706   579   707,
              580   708   581   709   582   710   583   711   584   712,
             2523  2633  2524  2634  2525  2635  2526  2636  2747  2637,
             2527  2638  2528  2639  2978  2640  2979  2641  2980  2642,
             2981  2643  2982  2644  2983  2645  3097  2646  3098  2647,
             2984  2648  2985  2649  2986  2650  2987  2651  3099  2652,
             3100  3307  3101  2748  2988  3102  2653  2989  3103  3308,
             2749  2865  2654  2750  2866  3198  2990  3104  2655  2991,
             3105  3425  2992  3106  2656  3309  3107  2993  3426  3108,
             3553  3427  3109  2994  3428  3110  3554  3429  3111  2995,
             3430  3555  3681  3199  3431  3112  3200  3310  3556  3113,
             3311  2996  3114  3312  3432  3115  3313  2997  3116  3314,
             3433  3201  2751  3557  3202  2867  3434  3558  2752  2868,
             2753  2869  2998  3117  2999  3118  3203  2870  2754  2871,
             2755  2872  2756  2873  2757  2874  2758  2875  2759  2876,
             2760  2877  2761  2878  2762  2879  2763  2880  2764  2881,
             2765  2882  2766  2883  2767  2884  3000  2885  3001  3435,
             3002  2886  3204  3436  2768  3205  3437  2887  3206  3315,
             3003  3438  3316  3119  3439  3317  2769  3207  3318  2888,
             3208  3440  2770  3209  3682  2889  3210  3319  2771  3211,
             3320  2890  3212  3321  2772  3213  3322  2891  3214  3323,
             2773  3004  3324  2892  3005  3441  2774  3215  3559  2893,
             3216  3560  2775  3217  3561  2894  3218  3683  2776  3809,
             3325  2895  3684  2777  3006  3219  7351  7456  7352  7457,
             7587  7245  7458  7353  7459  7588  7460  7589  7354  7590,
             7461  7591  7355  7693  7462  7592  7463  7593  7356  7464,
             7357  7465  7358  7466  7594  7694  7595  7695  7816  7696,
             7817  7932  7818  7933  7697  7819  7934  7820  7935  7698,
             7821  8051  8169  7699  7936  7700  8170  7701  8052  7702,
             8053  7703  7467  7822  7937  8054  7468  7938  7469  7359,
             7470  7596  7471  7597  7360  7598  8055  7599  7939  7704,
             7472  8056  7473  8294  7361  7474  7362  7475  7363  8171,
             7600  7705  8172  7246  8173  7364  7706  7823  7707  7247,
             7365  7248  7476  7708  7366  7709  7477  7824  8174  7710,
             7825  8175  7940  8057  7249  7711  7601  8058  7478  7826,
             8059  7367  7479  8419  7480  7368  7602  7827  7712  7828,
             7369  8060  8176  7829  8177  7941  7481  8295  7482  8296,
             7483  7370  7484  7830  7942  7371  7603  7713  7604  7714,
             8178  8297  7715  8298  8545  7831  8420  7832  7716  7605,
             8179  8299  7833  8546  7372  8421  7373  7943  8673  8300,
             7944  8180  8061  8301  7250  7717  7251  7485  8181  7718,
             8182  8302  7374  7252  7375  7253  7945  7254  7255  7835,
             7256  7947  7379  7948  7606  7257  7721  7258  7380  7259,
             7489  7260  7381  7261  7490  7262  7382  7263  7383  7264,
             7836  7607  7837  7608  7838  7609  7949  8065  8184  8303,
             8185  8066  8186  8067  8187  8068  8188  8069  7722  8189,
             8304  8190  8305  7610  7839  8306  7840  8070  7950  8307,
             7951  8191  7952  8308  7384  8309  7385  8422  7611  8310,
             7612  8311  8423  8312  8424  8313  8425  8547  7491  8426,
             7386  8427  7387  7613  7388  7614  7841  7615  7842  8314,
             7843  7492  7953  8428  7493  7723  7844  8071  8192  7954,
             8072  7955  8073  7956  8193  7845  7957  8315  8074  7616,
             8548  7958  8429  7724  8430  7725  7959  8075  8431  7726,
             7389  8549  7960  8316  7961  8317  8674  8318  7494  8550,
             7495  7617  8432  7618  7496  7619  7390  7727  7391  7620,
             7392  7621  8551  7622  8194  8552  7497  7846  8433  8675,
             8076  7962  8077  7963  8553  8434  8078  8195  7728  8676,
             8435  8196  7498  8801  8197  8802  7623  8677  7847  8803,
             7624  8804  8079  8805  8929  8678  7625  7964  7626  7729,
             7848  7965  7627  7499  8080  7500  7628  7501  7629  7730
 print totals
 compute domain integral
c
domain dnr_057
 symmetric
 normal plane nx 0  ny -1.0  nz 0.0
 front nodes   3146   3331   3516 linear verify
 function type b
 ignore crack face loading
 q-values     3331   3332   3333   3334   3335   3336   3337   3338,
              3339   3340   3341   3342   3343   3344   3345   3346,
              3347   3348   3349   3350   3351   3352   3353   3354,
              3355   3356   3357   3358   3359   3360   3361   3362,
              3363   3364   3365   3366   3367   3368   3369   3370,
              3371   3372   3373   3374   3375   3376   3377   3378,
              3379   3380   3381   3382   3383   3384   3385   3386,
              3387   3388   3389   3390   3391   3392   3393   3394,
              3395   3396   3397   3398   3399   3400   3401   3402,
              3403   3404   3405   3406   3407   3408   3409   3410,
              3411   3412   3413   3414   3415   3416   3417   3418,
              3419   3420   3421   3422   3423   3424   3425   3426,
              3427   3428   3429   3430   3431   3432   3433   3434,
              3435   3436   3437   3438   3439   3440   3441   3442,
              3443   3444   3445   3446   3447   3448   3449   3450,
              3451   3452   3453   3454   3455   3456   3457   3458,
              3459   3460   3461   3462   3463   3464   3465   3466,
              3467   3468   3469   3470   3471   3472   3473   3474,
              3475   3476   3477   3478   3479   3480   3481   3482,
              3483   3484   3485   3486   3487   3488   3489   3490,
              3491   3492   3493   3494   3495   3496   3497   3498,
              3499   3500   3501   3502   3503   3504   3505   3506,
              3507   3508   3509   3510   3511   3512   3513   3514,
              3515   9005   9006   9007   9008   9009   9010   9011,
              9012   9013   9014   9015   9016   9017   9018   9019,
              9020   9021   9022   9023   9024   9025   9026   9027,
              9028   9029   9030   9031   9032   9033   9034   9035,
              9036   9037   9038   9039   9040   9041   9042   9043,
              9044   9045   9046   9047   9048   9049   9050   9051,
              9052   9053   9054   9055   9056   9057   9058   9059,
              9060   9061   9062   9063   9064   9065   9066   9067,
              9068   9069   9070   9071   9072   9073   9074   9075,
              9076   9077   9078   9079   9080   9081   9082   9083,
              9084   9085   9086   9087   9088   9089   9090   9091,
              9092   9093   9094   9095   9096   9097   9098   9099,
              9100   9101   9102   9103   9104   9105   9106   9107,
              9108   9109   9110   9111   9112   9113   9114   9115,
              9116   9117   9118   9119   9120   9121   9122   9123,
              9124   9125   9126   9127   9128   9129   9130   9131,
              9132   9133   9134   9135   9136   9137   9138   9139,
              9140   9141   9142   9143   9144   9145   9146   9147,
              9148   9149   9150   9151   9152   9153   9154   9155,
              9156   9157   9158   9159   9160   9161   9162   9163,
              9164   9165   9166   9167   9168   9169   9170   9171,
              9172   9173   9174   9175   9176   9177   9178   9179,
              9180   9181   9182   9183   9184   9185   9186   9187 1.000
 elements     801   929   802   930   803   931   804   932   805   933,
              806   934   807   935   808   936   809   937   810   938,
              811   939   812   940   813   941   814   942   815   943,
              816   944   817   945   818   946   819   947   820   948,
              565   693   566   694   567   695   568   696   569   697,
              570   698   571   699   572   700   573   701   574   702,
              575   703   576   704   577   705   578   706   579   707,
              580   708   581   709   582   710   583   711   584   712,
             2523  2633  2524  2634  2525  2635  2526  2636  2747  2637,
             2527  2638  2528  2639  2978  2640  2979  2641  2980  2642,
             2981  2643  2982  2644  2983  2645  3097  2646  3098  2647,
             2984  2648  2985  2649  2986  2650  2987  2651  3099  2652,
             3100  3307  3101  2748  2988  3102  2653  2989  3103  3308,
             2749  2865  2654  2750  2866  3198  2990  3104  2655  2991,
             3105  3425  2992  3106  2656  3309  3107  2993  3426  3108,
             3553  3427  3109  2994  3428  3110  3554  3429  3111  2995,
             3430  3555  3681  3199  3431  3112  3200  3310  3556  3113,
             3311  2996  3114  3312  3432  3115  3313  2997  3116  3314,
             3433  3201  2751  3557  3202  2867  3434  3558  2752  2868,
             2753  2869  2998  3117  2999  3118  3203  2870  2754  2871,
             2755  2872  2756  2873  2757  2874  2758  2875  2759  2876,
             2760  2877  2761  2878  2762  2879  2763  2880  2764  2881,
             2765  2882  2766  2883  2767  2884  3000  2885  3001  3435,
             3002  2886  3204  3436  2768  3205  3437  2887  3206  3315,
             3003  3438  3316  3119  3439  3317  2769  3207  3318  2888,
             3208  3440  2770  3209  3682  2889  3210  3319  2771  3211,
             3320  2890  3212  3321  2772  3213  3322  2891  3214  3323,
             2773  3004  3324  2892  3005  3441  2774  3215  3559  2893,
             3216  3560  2775  3217  3561  2894  3218  3683  2776  3809,
             3325  2895  3684  2777  3006  3219  7351  7456  7352  7457,
             7587  7245  7458  7353  7459  7588  7460  7589  7354  7590,
             7461  7591  7355  7693  7462  7592  7463  7593  7356  7464,
             7357  7465  7358  7466  7594  7694  7595  7695  7816  7696,
             7817  7932  7818  7933  7697  7819  7934  7820  7935  7698,
             7821  8051  8169  7699  7936  7700  8170  7701  8052  7702,
             8053  7703  7467  7822  7937  8054  7468  7938  7469  7359,
             7470  7596  7471  7597  7360  7598  8055  7599  7939  7704,
             7472  8056  7473  8294  7361  7474  7362  7475  7363  8171,
             7600  7705  8172  7246  8173  7364  7706  7823  7707  7247,
             7365  7248  7476  7708  7366  7709  7477  7824  8174  7710,
             7825  8175  7940  8057  7249  7711  7601  8058  7478  7826,
             8059  7367  7479  8419  7480  7368  7602  7827  7712  7828,
             7369  8060  8176  7829  8177  7941  7481  8295  7482  8296,
             7483  7370  7484  7830  7942  7371  7603  7713  7604  7714,
             8178  8297  7715  8298  8545  7831  8420  7832  7716  7605,
             8179  8299  7833  8546  7372  8421  7373  7943  8673  8300,
             7944  8180  8061  8301  7250  7717  7251  7485  8181  7718,
             8182  8302  7374  7252  7375  7253  7945  7254  7486  8062,
             8183  8063  7376  7487  7377  7719  7834  7720  7946  8064,
             7378  7488  7255  7835  7256  7947  7379  7948  7606  7257,
             7721  7258  7380  7259  7489  7260  7381  7261  7490  7262,
             7382  7263  7383  7264  7836  7607  7837  7608  7838  7609,
             7949  8065  8184  8303  8185  8066  8186  8067  8187  8068,
             8188  8069  7722  8189  8304  8190  8305  7610  7839  8306,
             7840  8070  7950  8307  7951  8191  7952  8308  7384  8309,
             7385  8422  7611  8310  7612  8311  8423  8312  8424  8313,
             8425  8547  7491  8426  7386  8427  7387  7613  7388  7614,
             7841  7615  7842  8314  7843  7492  7953  8428  7493  7723,
             7844  8071  8192  7954  8072  7955  8073  7956  8193  7845,
             7957  8315  8074  7616  8548  7958  8429  7724  8430  7725,
             7959  8075  8431  7726  7389  8549  7960  8316  7961  8317,
             8674  8318  7494  8550  7495  7617  8432  7618  7496  7619,
             7390  7727  7391  7620  7392  7621  8551  7622  8194  8552,
             7497  7846  8433  8675  8076  7962  8077  7963  8553  8434,
             8078  8195  7728  8676  8435  8196  7498  8801  8197  8802,
             7623  8677  7847  8803  7624  8804  8079  8805  8929  8678,
             7625  7964  7626  7729  7848  7965  7627  7499  8080  7500,
             7628  7501  7629  7730  7849  8319  7850  8320  7630  8081,
             7851  7966  7631  8198  8321  7731  8199  7852
 print totals
 compute domain integral
