c
domain dnr_052
 symmetric
 normal plane nx 0  ny -1.0  nz 0.0
 front nodes   2961   3146   3331 linear verify
 function type b
 ignore crack face loading
 q-values     3146   3147   3148   3149   3150   3151   3152   3153,
              3154   3155   3156   3157   3158   3159   3160   3161,
              3162   3163   3164   3165   3166   3167   3168   3169,
              3170   3171   3172   3173   3174   3175   3176   3177,
              3178   3179   3180   3181   3182   3183   3184   3185,
              3186   3187   3188   3189   3190   3191   3192   3193,
              3194   3195   3196   3197   3198   3199   3200   3201,
              3202   3203   3204   3205   3206   3207   3208   3209,
              3210   3211   3212   3213   3214   3215   3216   3217,
              3218   3219   3220   3221   3222   3223   3224   3225,
              3226   3227   3228   3229   3230   3231   3232   3233,
              3234   3235   3236   3237   3238   3239   3240   3241,
              3242   3243   3244   3245   3246   3247   3248   3249,
              3250   3251   3252   3253   3254   3255   3256   3257,
              3258   3259   3260   3261   3262   3263   3264   3265,
              3266   3267   3268   3269   3270   3271   3272   3273,
              3274   3275   3276   3277   3278   3279   3280   3281,
              3282   3283   3284   3285   3286   3287   3288   3289,
              3290   3291   3292   3293   3294   3295   3296   3297,
              3298   3299   3300   3301   3302   3303   3304   3305,
              3306   3307   3308   3309   3310   3311   3312   3313,
              3314   3315   3316   3317   3318   3319   3320   3321,
              3322   3323   3324   3325   3326   3327   3328   3329,
              3330   8807   8808   8809   8810   8811   8812   8813,
              8814   8815   8816   8817   8818   8819   8820   8821,
              8822   8823   8824   8825   8826   8827   8828   8829,
              8830   8831   8832   8833   8834   8835   8836   8837,
              8838   8839   8840   8841   8842   8843   8844   8845,
              8846   8847   8848   8849   8850   8851   8852   8853,
              8854   8855   8856   8857   8858   8859   8860   8861,
              8862   8863   8864   8865   8866   8867   8868   8869,
              8870   8871   8872   8873   8874   8875   8876   8877,
              8878   8879   8880   8881   8882   8883   8884   8885,
              8886   8887   8888   8889   8890   8891   8892   8893,
              8894   8895   8896   8897   8898   8899   8900   8901,
              8902   8903   8904   8905   8906   8907   8908   8909,
              8910   8911   8912   8913   8914   8915   8916   8917,
              8918   8919   8920   8921   8922   8923   8924   8925,
              8926   8927   8928   8929   8930   8931   8932   8933,
              8934   8935   8936   8937   8938   8939   8940   8941,
              8942   8943   8944   8945   8946   8947   8948   8949,
              8950   8951   8952   8953   8954   8955   8956   8957,
              8958   8959 1.000
 elements     545   673   546   674   547   675   548   676   549   677,
              550   678   551   679   552   680   553   681   554   682,
              555   683   556   684   557   685   558   686   559   687,
              560   688   561   689   562   690   563   691   564   692,
              801   929   802   930   803   931   804   932   805   933,
              806   934   807   935   808   936   809   937   810   938,
              811   939   812   940   813   941   814   942   815   943,
              816   944   817   945   818   946   819   947   820   948,
             2267  2384  2268  2385  2269  2386  2270  2387  2271  2388,
             2272  2389  2724  2390  2725  2391  2726  2392  2727  2393,
             2728  2394  2729  2395  2730  2396  2731  2846  2511  2732,
             2512  2733  2513  2734  2514  2735  2515  2736  2516  2847,
             2517  2632  2971  2848  2737  2849  2397  2738  2850  3185,
             2972  3094  2398  2973  3095  3300  2518  2851  2399  2739,
             2852  3301  3186  2853  2400  3187  2854  2740  3188  2855,
             3302  3189  2856  2741  3190  2857  3303  3191  2858  2742,
             3192  2859  3304  2974  3305  2519  2975  2860  2743  3193,
             2861  2520  3194  2862  2744  3195  2863  2521  3196  2864,
             2745  2976  3306  2522  2977  2746  3096  3197  2523  2633,
             2524  2634  2525  2635  2526  2636  2747  2637  2527  2638,
             2528  2639  2978  2640  2979  2641  2980  2642  2981  2643,
             2982  2644  2983  2645  3097  2646  3098  2647  2984  2648,
             2985  2649  2986  2650  2987  2651  3099  2652  3100  3307,
             3101  2748  2988  3102  2653  2989  3103  3308  2749  2865,
             2654  2750  2866  3198  2990  3104  2655  2991  3105  3425,
             2992  3106  2656  3309  3107  2993  3426  3108  3553  3427,
             3109  2994  3428  3110  3554  3429  3111  2995  3430  3555,
             3681  3199  3431  3112  3200  3310  3556  3113  3311  2996,
             3114  3312  3432  3115  3313  2997  3116  3314  3433  3201,
             2751  3557  3202  2867  3434  3558  6877  6988  6878  6989,
             6879  6990  6880  6991  7101  6992  7102  6993  7103  7209,
             7104  6994  7105  7210  7106  7211  7107  7212  7108  7213,
             7563  6995  7109  6996  7110  7214  7111  7215  7112  7334,
             7113  7216  7684  7217  7335  7218  7443  7685  7336  7219,
             7444  7564  7337  7801  7338  7802  7915  7803  7916  7220,
             7565  7221  6997  7339  6998  7340  6999  7222  7000  7566,
             7001  7114  7002  7115  7003  7116  7004  7117  7005  7223,
             7917  7118  7224  8039  7006  7119  7567  7804  7918  7805,
             7120  7225  7445  7568  7686  7569  7121  7226  7919  8040,
             7920  8041  7921  7227  7446  7228  7341  7570  7342  7571,
             7343  7572  7229  7806  7922  8042  7230  7447  7007  7344,
             7008  7923  7807  7231  7924  8043  7122  7448  7123  7573,
             7124  7808  7125  7925  8044  7232  8045  7233  7926  8046,
             7687  7126  7574  7127  8166  7688  7128  7234  7129  8293,
             7235  7927  7236  7575  7345  7576  7346  7237  8417  7238,
             7449  7928  7347  8047  7577  8048  7450  8418  7689  8167,
             7130  7578  7348  7451  7351  7456  7352  7457  7587  7245,
             7458  7353  7459  7588  7460  7589  7354  7590  7461  7591,
             7355  7693  7462  7592  7463  7593  7356  7464  7357  7465,
             7358  7466  7594  7694  7595  7695  7816  7696  7817  7932,
             7818  7933  7697  7819  7934  7820  7935  7698  7821  8051,
             8169  7699  7936  7700  8170  7701  8052  7702  8053  7703,
             7467  7822  7937  8054  7468  7938  7469  7359  7470  7596,
             7471  7597  7360  7598  8055  7599  7939  7704  7472  8056,
             7473  8294  7361  7474  7362  7475  7363  8171  7600  7705,
             8172  7246  8173  7364  7706  7823  7707  7247  7365  7248,
             7476  7708  7366  7709  7477  7824  8174  7710  7825  8175,
             7940  8057  7249  7711  7601  8058  7478  7826  8059  7367,
             7479  8419  7480  7368  7602  7827  7712  7828  7369  8060,
             8176  7829  8177  7941  7481  8295  7482  8296  7483  7370,
             7484  7830  7942  7371  7603  7713  7604  7714  8178  8297,
             7715  8298  8545  7831  8420  7832  7716  7605  8179  8299,
             7833  8546  7372  8421  7373  7943  8673  8300  7944  8180,
             8061  8301
 print totals
 compute domain integral
c
domain dnr_053
 symmetric
 normal plane nx 0  ny -1.0  nz 0.0
 front nodes   2961   3146   3331 linear verify
 function type b
 ignore crack face loading
 q-values     3146   3147   3148   3149   3150   3151   3152   3153,
              3154   3155   3156   3157   3158   3159   3160   3161,
              3162   3163   3164   3165   3166   3167   3168   3169,
              3170   3171   3172   3173   3174   3175   3176   3177,
              3178   3179   3180   3181   3182   3183   3184   3185,
              3186   3187   3188   3189   3190   3191   3192   3193,
              3194   3195   3196   3197   3198   3199   3200   3201,
              3202   3203   3204   3205   3206   3207   3208   3209,
              3210   3211   3212   3213   3214   3215   3216   3217,
              3218   3219   3220   3221   3222   3223   3224   3225,
              3226   3227   3228   3229   3230   3231   3232   3233,
              3234   3235   3236   3237   3238   3239   3240   3241,
              3242   3243   3244   3245   3246   3247   3248   3249,
              3250   3251   3252   3253   3254   3255   3256   3257,
              3258   3259   3260   3261   3262   3263   3264   3265,
              3266   3267   3268   3269   3270   3271   3272   3273,
              3274   3275   3276   3277   3278   3279   3280   3281,
              3282   3283   3284   3285   3286   3287   3288   3289,
              3290   3291   3292   3293   3294   3295   3296   3297,
              3298   3299   3300   3301   3302   3303   3304   3305,
              3306   3307   3308   3309   3310   3311   3312   3313,
              3314   3315   3316   3317   3318   3319   3320   3321,
              3322   3323   3324   3325   3326   3327   3328   3329,
              3330   8807   8808   8809   8810   8811   8812   8813,
              8814   8815   8816   8817   8818   8819   8820   8821,
              8822   8823   8824   8825   8826   8827   8828   8829,
              8830   8831   8832   8833   8834   8835   8836   8837,
              8838   8839   8840   8841   8842   8843   8844   8845,
              8846   8847   8848   8849   8850   8851   8852   8853,
              8854   8855   8856   8857   8858   8859   8860   8861,
              8862   8863   8864   8865   8866   8867   8868   8869,
              8870   8871   8872   8873   8874   8875   8876   8877,
              8878   8879   8880   8881   8882   8883   8884   8885,
              8886   8887   8888   8889   8890   8891   8892   8893,
              8894   8895   8896   8897   8898   8899   8900   8901,
              8902   8903   8904   8905   8906   8907   8908   8909,
              8910   8911   8912   8913   8914   8915   8916   8917,
              8918   8919   8920   8921   8922   8923   8924   8925,
              8926   8927   8928   8929   8930   8931   8932   8933,
              8934   8935   8936   8937   8938   8939   8940   8941,
              8942   8943   8944   8945   8946   8947   8948   8949,
              8950   8951   8952   8953   8954   8955   8956   8957,
              8958   8959   8960   8961   8962   8963   8964   8965,
              8966   8967   8968   8969   8970   8971   8972   8973,
              8974 1.000
 elements     545   673   546   674   547   675   548   676   549   677,
              550   678   551   679   552   680   553   681   554   682,
              555   683   556   684   557   685   558   686   559   687,
              560   688   561   689   562   690   563   691   564   692,
              801   929   802   930   803   931   804   932   805   933,
              806   934   807   935   808   936   809   937   810   938,
              811   939   812   940   813   941   814   942   815   943,
              816   944   817   945   818   946   819   947   820   948,
             2267  2384  2268  2385  2269  2386  2270  2387  2271  2388,
             2272  2389  2724  2390  2725  2391  2726  2392  2727  2393,
             2728  2394  2729  2395  2730  2396  2731  2846  2511  2732,
             2512  2733  2513  2734  2514  2735  2515  2736  2516  2847,
             2517  2632  2971  2848  2737  2849  2397  2738  2850  3185,
             2972  3094  2398  2973  3095  3300  2518  2851  2399  2739,
             2852  3301  3186  2853  2400  3187  2854  2740  3188  2855,
             3302  3189  2856  2741  3190  2857  3303  3191  2858  2742,
             3192  2859  3304  2974  3305  2519  2975  2860  2743  3193,
             2861  2520  3194  2862  2744  3195  2863  2521  3196  2864,
             2745  2976  3306  2522  2977  2746  3096  3197  2523  2633,
             2524  2634  2525  2635  2526  2636  2747  2637  2527  2638,
             2528  2639  2978  2640  2979  2641  2980  2642  2981  2643,
             2982  2644  2983  2645  3097  2646  3098  2647  2984  2648,
             2985  2649  2986  2650  2987  2651  3099  2652  3100  3307,
             3101  2748  2988  3102  2653  2989  3103  3308  2749  2865,
             2654  2750  2866  3198  2990  3104  2655  2991  3105  3425,
             2992  3106  2656  3309  3107  2993  3426  3108  3553  3427,
             3109  2994  3428  3110  3554  3429  3111  2995  3430  3555,
             3681  3199  3431  3112  3200  3310  3556  3113  3311  2996,
             3114  3312  3432  3115  3313  2997  3116  3314  3433  3201,
             2751  3557  3202  2867  3434  3558  6877  6988  6878  6989,
             6879  6990  6880  6991  7101  6992  7102  6993  7103  7209,
             7104  6994  7105  7210  7106  7211  7107  7212  7108  7213,
             7563  6995  7109  6996  7110  7214  7111  7215  7112  7334,
             7113  7216  7684  7217  7335  7218  7443  7685  7336  7219,
             7444  7564  7337  7801  7338  7802  7915  7803  7916  7220,
             7565  7221  6997  7339  6998  7340  6999  7222  7000  7566,
             7001  7114  7002  7115  7003  7116  7004  7117  7005  7223,
             7917  7118  7224  8039  7006  7119  7567  7804  7918  7805,
             7120  7225  7445  7568  7686  7569  7121  7226  7919  8040,
             7920  8041  7921  7227  7446  7228  7341  7570  7342  7571,
             7343  7572  7229  7806  7922  8042  7230  7447  7007  7344,
             7008  7923  7807  7231  7924  8043  7122  7448  7123  7573,
             7124  7808  7125  7925  8044  7232  8045  7233  7926  8046,
             7687  7126  7574  7127  8166  7688  7128  7234  7129  8293,
             7235  7927  7236  7575  7345  7576  7346  7237  8417  7238,
             7449  7928  7347  8047  7577  8048  7450  8418  7689  8167,
             7130  7578  7348  7451  7131  7579  7132  7690  7809  7239,
             7580  7240  7452  7581  7453  7810  7133  7582  7351  7456,
             7352  7457  7587  7245  7458  7353  7459  7588  7460  7589,
             7354  7590  7461  7591  7355  7693  7462  7592  7463  7593,
             7356  7464  7357  7465  7358  7466  7594  7694  7595  7695,
             7816  7696  7817  7932  7818  7933  7697  7819  7934  7820,
             7935  7698  7821  8051  8169  7699  7936  7700  8170  7701,
             8052  7702  8053  7703  7467  7822  7937  8054  7468  7938,
             7469  7359  7470  7596  7471  7597  7360  7598  8055  7599,
             7939  7704  7472  8056  7473  8294  7361  7474  7362  7475,
             7363  8171  7600  7705  8172  7246  8173  7364  7706  7823,
             7707  7247  7365  7248  7476  7708  7366  7709  7477  7824,
             8174  7710  7825  8175  7940  8057  7249  7711  7601  8058,
             7478  7826  8059  7367  7479  8419  7480  7368  7602  7827,
             7712  7828  7369  8060  8176  7829  8177  7941  7481  8295,
             7482  8296  7483  7370  7484  7830  7942  7371  7603  7713,
             7604  7714  8178  8297  7715  8298  8545  7831  8420  7832,
             7716  7605  8179  8299  7833  8546  7372  8421  7373  7943,
             8673  8300  7944  8180  8061  8301  7250  7717  7251  7485,
             8181  7718  8182  8302  7374  7252  7375  7253  7945  7254
 print totals
 compute domain integral
c
domain dnr_054
 symmetric
 normal plane nx 0  ny -1.0  nz 0.0
 front nodes   2961   3146   3331 linear verify
 function type b
 ignore crack face loading
 q-values     3146   3147   3148   3149   3150   3151   3152   3153,
              3154   3155   3156   3157   3158   3159   3160   3161,
              3162   3163   3164   3165   3166   3167   3168   3169,
              3170   3171   3172   3173   3174   3175   3176   3177,
              3178   3179   3180   3181   3182   3183   3184   3185,
              3186   3187   3188   3189   3190   3191   3192   3193,
              3194   3195   3196   3197   3198   3199   3200   3201,
              3202   3203   3204   3205   3206   3207   3208   3209,
              3210   3211   3212   3213   3214   3215   3216   3217,
              3218   3219   3220   3221   3222   3223   3224   3225,
              3226   3227   3228   3229   3230   3231   3232   3233,
              3234   3235   3236   3237   3238   3239   3240   3241,
              3242   3243   3244   3245   3246   3247   3248   3249,
              3250   3251   3252   3253   3254   3255   3256   3257,
              3258   3259   3260   3261   3262   3263   3264   3265,
              3266   3267   3268   3269   3270   3271   3272   3273,
              3274   3275   3276   3277   3278   3279   3280   3281,
              3282   3283   3284   3285   3286   3287   3288   3289,
              3290   3291   3292   3293   3294   3295   3296   3297,
              3298   3299   3300   3301   3302   3303   3304   3305,
              3306   3307   3308   3309   3310   3311   3312   3313,
              3314   3315   3316   3317   3318   3319   3320   3321,
              3322   3323   3324   3325   3326   3327   3328   3329,
              3330   8807   8808   8809   8810   8811   8812   8813,
              8814   8815   8816   8817   8818   8819   8820   8821,
              8822   8823   8824   8825   8826   8827   8828   8829,
              8830   8831   8832   8833   8834   8835   8836   8837,
              8838   8839   8840   8841   8842   8843   8844   8845,
              8846   8847   8848   8849   8850   8851   8852   8853,
              8854   8855   8856   8857   8858   8859   8860   8861,
              8862   8863   8864   8865   8866   8867   8868   8869,
              8870   8871   8872   8873   8874   8875   8876   8877,
              8878   8879   8880   8881   8882   8883   8884   8885,
              8886   8887   8888   8889   8890   8891   8892   8893,
              8894   8895   8896   8897   8898   8899   8900   8901,
              8902   8903   8904   8905   8906   8907   8908   8909,
              8910   8911   8912   8913   8914   8915   8916   8917,
              8918   8919   8920   8921   8922   8923   8924   8925,
              8926   8927   8928   8929   8930   8931   8932   8933,
              8934   8935   8936   8937   8938   8939   8940   8941,
              8942   8943   8944   8945   8946   8947   8948   8949,
              8950   8951   8952   8953   8954   8955   8956   8957,
              8958   8959   8960   8961   8962   8963   8964   8965,
              8966   8967   8968   8969   8970   8971   8972   8973,
              8974   8975   8976   8977   8978   8979   8980   8981,
              8982   8983   8984   8985   8986   8987   8988   8989 1.000
 elements     545   673   546   674   547   675   548   676   549   677,
              550   678   551   679   552   680   553   681   554   682,
              555   683   556   684   557   685   558   686   559   687,
              560   688   561   689   562   690   563   691   564   692,
              801   929   802   930   803   931   804   932   805   933,
              806   934   807   935   808   936   809   937   810   938,
              811   939   812   940   813   941   814   942   815   943,
              816   944   817   945   818   946   819   947   820   948,
             2267  2384  2268  2385  2269  2386  2270  2387  2271  2388,
             2272  2389  2724  2390  2725  2391  2726  2392  2727  2393,
             2728  2394  2729  2395  2730  2396  2731  2846  2511  2732,
             2512  2733  2513  2734  2514  2735  2515  2736  2516  2847,
             2517  2632  2971  2848  2737  2849  2397  2738  2850  3185,
             2972  3094  2398  2973  3095  3300  2518  2851  2399  2739,
             2852  3301  3186  2853  2400  3187  2854  2740  3188  2855,
             3302  3189  2856  2741  3190  2857  3303  3191  2858  2742,
             3192  2859  3304  2974  3305  2519  2975  2860  2743  3193,
             2861  2520  3194  2862  2744  3195  2863  2521  3196  2864,
             2745  2976  3306  2522  2977  2746  3096  3197  2523  2633,
             2524  2634  2525  2635  2526  2636  2747  2637  2527  2638,
             2528  2639  2978  2640  2979  2641  2980  2642  2981  2643,
             2982  2644  2983  2645  3097  2646  3098  2647  2984  2648,
             2985  2649  2986  2650  2987  2651  3099  2652  3100  3307,
             3101  2748  2988  3102  2653  2989  3103  3308  2749  2865,
             2654  2750  2866  3198  2990  3104  2655  2991  3105  3425,
             2992  3106  2656  3309  3107  2993  3426  3108  3553  3427,
             3109  2994  3428  3110  3554  3429  3111  2995  3430  3555,
             3681  3199  3431  3112  3200  3310  3556  3113  3311  2996,
             3114  3312  3432  3115  3313  2997  3116  3314  3433  3201,
             2751  3557  3202  2867  3434  3558  6877  6988  6878  6989,
             6879  6990  6880  6991  7101  6992  7102  6993  7103  7209,
             7104  6994  7105  7210  7106  7211  7107  7212  7108  7213,
             7563  6995  7109  6996  7110  7214  7111  7215  7112  7334,
             7113  7216  7684  7217  7335  7218  7443  7685  7336  7219,
             7444  7564  7337  7801  7338  7802  7915  7803  7916  7220,
             7565  7221  6997  7339  6998  7340  6999  7222  7000  7566,
             7001  7114  7002  7115  7003  7116  7004  7117  7005  7223,
             7917  7118  7224  8039  7006  7119  7567  7804  7918  7805,
             7120  7225  7445  7568  7686  7569  7121  7226  7919  8040,
             7920  8041  7921  7227  7446  7228  7341  7570  7342  7571,
             7343  7572  7229  7806  7922  8042  7230  7447  7007  7344,
             7008  7923  7807  7231  7924  8043  7122  7448  7123  7573,
             7124  7808  7125  7925  8044  7232  8045  7233  7926  8046,
             7687  7126  7574  7127  8166  7688  7128  7234  7129  8293,
             7235  7927  7236  7575  7345  7576  7346  7237  8417  7238,
             7449  7928  7347  8047  7577  8048  7450  8418  7689  8167,
             7130  7578  7348  7451  7131  7579  7132  7690  7809  7239,
             7580  7240  7452  7581  7453  7810  7133  7582  7349  7811,
             7350  7584  7930  8049  7813  7931  8050  8168  7135  7586,
             7692  7815  7351  7456  7352  7457  7587  7245  7458  7353,
             7459  7588  7460  7589  7354  7590  7461  7591  7355  7693,
             7462  7592  7463  7593  7356  7464  7357  7465  7358  7466,
             7594  7694  7595  7695  7816  7696  7817  7932  7818  7933,
             7697  7819  7934  7820  7935  7698  7821  8051  8169  7699,
             7936  7700  8170  7701  8052  7702  8053  7703  7467  7822,
             7937  8054  7468  7938  7469  7359  7470  7596  7471  7597,
             7360  7598  8055  7599  7939  7704  7472  8056  7473  8294,
             7361  7474  7362  7475  7363  8171  7600  7705  8172  7246,
             8173  7364  7706  7823  7707  7247  7365  7248  7476  7708,
             7366  7709  7477  7824  8174  7710  7825  8175  7940  8057,
             7249  7711  7601  8058  7478  7826  8059  7367  7479  8419,
             7480  7368  7602  7827  7712  7828  7369  8060  8176  7829,
             8177  7941  7481  8295  7482  8296  7483  7370  7484  7830,
             7942  7371  7603  7713  7604  7714  8178  8297  7715  8298,
             8545  7831  8420  7832  7716  7605  8179  8299  7833  8546,
             7372  8421  7373  7943  8673  8300  7944  8180  8061  8301,
             7250  7717  7251  7485  8181  7718  8182  8302  7374  7252,
             7375  7253  7945  7254  7486  8062  8183  8063  7376  7487,
             7377  7719  7834  7720  7946  8064  7378  7488
 print totals
 compute domain integral
