c
domain dnr_040
 symmetric
 normal plane nx 0  ny -1.0  nz 0.0
 front nodes   2221   2406   2591 linear verify
 function type b
 ignore crack face loading
 q-values     2406   2407   2408   2409   2410   2411   2412   2413,
              2414   2415   2416   2417   2418   2419   2420   2421,
              2422   2423   2424   2425   2426   2427   2428   2429,
              2430   2431   2432   2433   2434   2435   2436   2437,
              2438   2439   2440   2441   2442   2443   2444   2445,
              2446   2447   2448   2449   2450   2451   2452   2453,
              2454   2455   2456   2457   2458   2459   2460   2461,
              2462   2463   2464   2465   2466   2467   2468   2469,
              2470   2471   2472   2473   2474   2475   2476   2477,
              2478   2479   2480   2481   2482   2483   2484   2485,
              2486   2487   2488   2489   2490   2491   2492   2493,
              2494   2495   2496   2497   2498   2499   2500   2501,
              2502   2503   2504   2505   2506   2507   2508   2509,
              2510   2511   2512   2513   2514   2515   2516   2517,
              2518   2519   2520   2521   2522   2523   2524   2525,
              2526   2527   2528   2529   2530   2531   2532   2533,
              2534   2535   2536   2537   2538   2539   2540   2541,
              2542   2543   2544   2545   2546   2547   2548   2549,
              2550   2551   2552   2553   2554   2555   2556   2557,
              2558   2559   2560   2561   2562   2563   2564   2565,
              2566   2567   2568   2569   2570   2571   2572   2573,
              2574   2575   2576   2577   2578   2579   2580   2581,
              2582   2583   2584   2585   2586   2587   2588   2589,
              2590   8000   8001   8002   8003   8004   8005   8006,
              8007   8008   8009   8010   8011   8012   8013   8014,
              8015   8016   8017   8018   8019   8020   8021   8022,
              8023   8024   8025   8026   8027   8028   8029   8030,
              8031   8032   8033   8034   8035   8036   8037   8038,
              8039   8040   8041   8042   8043   8044   8045   8046,
              8047   8048   8049   8050   8051   8052   8053   8054,
              8055   8056   8057   8058   8059   8060   8061   8062,
              8063   8064   8065   8066   8067   8068   8069   8070,
              8071   8072   8073   8074   8075   8076   8077   8078,
              8079   8080   8081   8082   8083   8084   8085   8086,
              8087   8088   8089   8090   8091   8092   8093   8094,
              8095   8096   8097   8098   8099   8100   8101   8102,
              8103   8104   8105   8106   8107   8108   8109   8110,
              8111   8112   8113   8114   8115   8116   8117   8118,
              8119   8120   8121   8122   8123   8124   8125   8126,
              8127   8128   8129   8130   8131   8132   8133   8134,
              8135   8136   8137   8138   8139   8140   8141   8142,
              8143   8144   8145   8146   8147   8148   8149   8150,
              8151   8152 1.000
 elements     121   249   122   250   123   251   124   252   125   253,
              126   254   127   255   128   256   513   641   514   642,
              515   643   516   644   517   645   518   646   519   647,
              520   648   521   649   522   650   523   651   524   652,
              377   505   378   506   379   507   380   508   381   509,
              382   510   383   511   384   512   769   897   770   898,
              771   899   772   900   773   901   774   902   775   903,
              776   904   777   905   778   906   779   907   780   908,
             2201  2322  2202  2323  2203  2324  2204  2325  2205  2326,
             2206  2327  2207  2328  2208  2329  2209  2330  2210  2331,
             2211  2332  2212  2333  2213  2334  2214  2680  2215  2449,
             2216  2450  2217  2451  2218  2452  2219  2453  2220  2454,
             2221  2572  2222  2802  2681  2803  2223  2682  2804  2335,
             2929  3054  2224  2930  3055  2336  2455  2805  2225  2683,
             2806  2337  2684  2807  2226  2685  2808  2338  2686  2809,
             2227  2687  2810  2339  2688  2811  2228  2689  2812  2340,
             2690  2813  2229  2931  2814  2456  2932  2691  2230  2815,
             2692  2457  2816  2693  2231  2817  2694  2458  2818  2695,
             2232  2819  2933  2459  2820  2696  2233  2934  2460  2573,
             2461  2574  2462  2575  2463  2576  2697  2577  2464  2578,
             2465  2579  2466  2580  2467  2581  2468  2582  2469  2583,
             2470  2584  2471  2585  2472  2341  2586  2342  2587  2343,
             2588  2344  2589  2345  2590  2346  2591  2347  3056  2348,
             2473  2698  2935  3057  2474  2936  3058  2592  2699  2821,
             2475  2700  2822  2593  2937  3059  3175  2938  3060  2476,
             2939  3061  2594  2940  3062  2477  2941  3063  2595  2942,
             3064  2478  2943  3065  2596  2944  3066  2479  2945  3067,
             2597  3176  3068  2349  3177  3069  2598  2946  3070  2350,
             2947  3071  2599  2948  3072  2351  2949  3073  2600  3178,
             2701  2352  3179  3298  2601  2823  6106  6209  6107  6210,
             6108  6211  6109  6212  6110  6213  6334  6214  6111  6215,
             6112  6216  6335  6217  6336  6451  6563  6218  6564  6219,
             6452  6220  6682  6221  6902  7021  7142  7022  6903  7023,
             6904  7024  6905  7025  6906  7026  6907  6791  6337  6792,
             6908  7027  6565  7028  7143  7029  6793  6683  6566  7144,
             6909  6338  6222  6339  6223  6453  6224  6340  6225  6454,
             7145  7269  7146  6455  7147  7030  7148  7031  6341  7149,
             6342  7270  6226  6567  7150  7032  6794  6343  6684  7033,
             6456  7034  7151  6685  6910  6457  6911  6568  6912  6569,
             6686  6913  6687  6795  6344  6796  6914  6797  6570  6688,
             7152  6798  6915  6571  6689  6572  6799  6345  6227  6916,
             6228  6800  6229  6690  6230  7035  7153  7036  7154  6801,
             7037  6917  7038  7155  6346  7156  6347  6231  6573  6232,
             7157  7039  6918  7040  7158  6574  7041  7159  6919  7271,
             6233  6920  7160  7394  6921  7272  7521  7273  7395  6802,
             7274  7396  7042  7161  7397  7522  6348  7523  7649  6575,
             7650  6803  7524  7275  6350  6470  6351  6471  6352  6472,
             6353  6473  6354  6474  6582  6475  6355  6476  6583  6477,
             6584  6478  6695  6240  6356  6479  6357  6925  6358  6807,
             6480  6585  6586  6696  6587  6697  6588  6698  6589  6699,
             6590  6700  6808  6701  6591  6702  6926  6703  7277  6809,
             6927  6810  6704  6928  7278  7398  7279  7048  7280  6811,
             6812  7281  6813  6359  6814  7163  6815  6360  6816  6361,
             7399  6362  7282  6481  6592  6482  6593  6483  7400  6484,
             6363  6485  6364  6486  6929  6487  7401  6488  6594  6705,
             6595  7049  6596  7050  7283  6706  7402  6489  7525  6597,
             7403  7526  6707  7284  6708  7051  6930  6817  6931  6709,
             7285  7404  7164  7286  6932  7287  6365  6818  6366  6490,
             6367  6819  6368  6491  6820  7288  7651  6492  7289  6493,
             6598  6494  6599  6495  7405  6496  7052  7406  7777  6821,
             7527  7652  6710  7053  6600  6711  6601  7528  6602  6712,
             7653  6713  6822  6714  6933  6603  7778  6934  7529  7654,
             7779  7655  6823  7780  6824  7290  7054  7781  7905  6715,
             7906  6604
 print totals
 compute domain integral
c
domain dnr_041
 symmetric
 normal plane nx 0  ny -1.0  nz 0.0
 front nodes   2221   2406   2591 linear verify
 function type b
 ignore crack face loading
 q-values     2406   2407   2408   2409   2410   2411   2412   2413,
              2414   2415   2416   2417   2418   2419   2420   2421,
              2422   2423   2424   2425   2426   2427   2428   2429,
              2430   2431   2432   2433   2434   2435   2436   2437,
              2438   2439   2440   2441   2442   2443   2444   2445,
              2446   2447   2448   2449   2450   2451   2452   2453,
              2454   2455   2456   2457   2458   2459   2460   2461,
              2462   2463   2464   2465   2466   2467   2468   2469,
              2470   2471   2472   2473   2474   2475   2476   2477,
              2478   2479   2480   2481   2482   2483   2484   2485,
              2486   2487   2488   2489   2490   2491   2492   2493,
              2494   2495   2496   2497   2498   2499   2500   2501,
              2502   2503   2504   2505   2506   2507   2508   2509,
              2510   2511   2512   2513   2514   2515   2516   2517,
              2518   2519   2520   2521   2522   2523   2524   2525,
              2526   2527   2528   2529   2530   2531   2532   2533,
              2534   2535   2536   2537   2538   2539   2540   2541,
              2542   2543   2544   2545   2546   2547   2548   2549,
              2550   2551   2552   2553   2554   2555   2556   2557,
              2558   2559   2560   2561   2562   2563   2564   2565,
              2566   2567   2568   2569   2570   2571   2572   2573,
              2574   2575   2576   2577   2578   2579   2580   2581,
              2582   2583   2584   2585   2586   2587   2588   2589,
              2590   8000   8001   8002   8003   8004   8005   8006,
              8007   8008   8009   8010   8011   8012   8013   8014,
              8015   8016   8017   8018   8019   8020   8021   8022,
              8023   8024   8025   8026   8027   8028   8029   8030,
              8031   8032   8033   8034   8035   8036   8037   8038,
              8039   8040   8041   8042   8043   8044   8045   8046,
              8047   8048   8049   8050   8051   8052   8053   8054,
              8055   8056   8057   8058   8059   8060   8061   8062,
              8063   8064   8065   8066   8067   8068   8069   8070,
              8071   8072   8073   8074   8075   8076   8077   8078,
              8079   8080   8081   8082   8083   8084   8085   8086,
              8087   8088   8089   8090   8091   8092   8093   8094,
              8095   8096   8097   8098   8099   8100   8101   8102,
              8103   8104   8105   8106   8107   8108   8109   8110,
              8111   8112   8113   8114   8115   8116   8117   8118,
              8119   8120   8121   8122   8123   8124   8125   8126,
              8127   8128   8129   8130   8131   8132   8133   8134,
              8135   8136   8137   8138   8139   8140   8141   8142,
              8143   8144   8145   8146   8147   8148   8149   8150,
              8151   8152   8153   8154   8155   8156   8157   8158,
              8159   8160   8161   8162   8163   8164   8165   8166,
              8167 1.000
 elements     121   249   122   250   123   251   124   252   125   253,
              126   254   127   255   128   256   513   641   514   642,
              515   643   516   644   517   645   518   646   519   647,
              520   648   521   649   522   650   523   651   524   652,
              377   505   378   506   379   507   380   508   381   509,
              382   510   383   511   384   512   769   897   770   898,
              771   899   772   900   773   901   774   902   775   903,
              776   904   777   905   778   906   779   907   780   908,
             2201  2322  2202  2323  2203  2324  2204  2325  2205  2326,
             2206  2327  2207  2328  2208  2329  2209  2330  2210  2331,
             2211  2332  2212  2333  2213  2334  2214  2680  2215  2449,
             2216  2450  2217  2451  2218  2452  2219  2453  2220  2454,
             2221  2572  2222  2802  2681  2803  2223  2682  2804  2335,
             2929  3054  2224  2930  3055  2336  2455  2805  2225  2683,
             2806  2337  2684  2807  2226  2685  2808  2338  2686  2809,
             2227  2687  2810  2339  2688  2811  2228  2689  2812  2340,
             2690  2813  2229  2931  2814  2456  2932  2691  2230  2815,
             2692  2457  2816  2693  2231  2817  2694  2458  2818  2695,
             2232  2819  2933  2459  2820  2696  2233  2934  2460  2573,
             2461  2574  2462  2575  2463  2576  2697  2577  2464  2578,
             2465  2579  2466  2580  2467  2581  2468  2582  2469  2583,
             2470  2584  2471  2585  2472  2341  2586  2342  2587  2343,
             2588  2344  2589  2345  2590  2346  2591  2347  3056  2348,
             2473  2698  2935  3057  2474  2936  3058  2592  2699  2821,
             2475  2700  2822  2593  2937  3059  3175  2938  3060  2476,
             2939  3061  2594  2940  3062  2477  2941  3063  2595  2942,
             3064  2478  2943  3065  2596  2944  3066  2479  2945  3067,
             2597  3176  3068  2349  3177  3069  2598  2946  3070  2350,
             2947  3071  2599  2948  3072  2351  2949  3073  2600  3178,
             2701  2352  3179  3298  2601  2823  6106  6209  6107  6210,
             6108  6211  6109  6212  6110  6213  6334  6214  6111  6215,
             6112  6216  6335  6217  6336  6451  6563  6218  6564  6219,
             6452  6220  6682  6221  6902  7021  7142  7022  6903  7023,
             6904  7024  6905  7025  6906  7026  6907  6791  6337  6792,
             6908  7027  6565  7028  7143  7029  6793  6683  6566  7144,
             6909  6338  6222  6339  6223  6453  6224  6340  6225  6454,
             7145  7269  7146  6455  7147  7030  7148  7031  6341  7149,
             6342  7270  6226  6567  7150  7032  6794  6343  6684  7033,
             6456  7034  7151  6685  6910  6457  6911  6568  6912  6569,
             6686  6913  6687  6795  6344  6796  6914  6797  6570  6688,
             7152  6798  6915  6571  6689  6572  6799  6345  6227  6916,
             6228  6800  6229  6690  6230  7035  7153  7036  7154  6801,
             7037  6917  7038  7155  6346  7156  6347  6231  6573  6232,
             7157  7039  6918  7040  7158  6574  7041  7159  6919  7271,
             6233  6920  7160  7394  6921  7272  7521  7273  7395  6802,
             7274  7396  7042  7161  7397  7522  6348  7523  7649  6575,
             7650  6803  7524  7275  6234  6458  7276  6459  6576  6460,
             7162  6461  6235  6462  7043  6463  7044  6464  6350  6470,
             6351  6471  6352  6472  6353  6473  6354  6474  6582  6475,
             6355  6476  6583  6477  6584  6478  6695  6240  6356  6479,
             6357  6925  6358  6807  6480  6585  6586  6696  6587  6697,
             6588  6698  6589  6699  6590  6700  6808  6701  6591  6702,
             6926  6703  7277  6809  6927  6810  6704  6928  7278  7398,
             7279  7048  7280  6811  6812  7281  6813  6359  6814  7163,
             6815  6360  6816  6361  7399  6362  7282  6481  6592  6482,
             6593  6483  7400  6484  6363  6485  6364  6486  6929  6487,
             7401  6488  6594  6705  6595  7049  6596  7050  7283  6706,
             7402  6489  7525  6597  7403  7526  6707  7284  6708  7051,
             6930  6817  6931  6709  7285  7404  7164  7286  6932  7287,
             6365  6818  6366  6490  6367  6819  6368  6491  6820  7288,
             7651  6492  7289  6493  6598  6494  6599  6495  7405  6496,
             7052  7406  7777  6821  7527  7652  6710  7053  6600  6711,
             6601  7528  6602  6712  7653  6713  6822  6714  6933  6603,
             7778  6934  7529  7654  7779  7655  6823  7780  6824  7290,
             7054  7781  7905  6715  7906  6604  6605  6716  6825  6935,
             7055  6936  7056  6717  6937  6718  6938  7165  6939  6826
 print totals
 compute domain integral
c
domain dnr_042
 symmetric
 normal plane nx 0  ny -1.0  nz 0.0
 front nodes   2221   2406   2591 linear verify
 function type b
 ignore crack face loading
 q-values     2406   2407   2408   2409   2410   2411   2412   2413,
              2414   2415   2416   2417   2418   2419   2420   2421,
              2422   2423   2424   2425   2426   2427   2428   2429,
              2430   2431   2432   2433   2434   2435   2436   2437,
              2438   2439   2440   2441   2442   2443   2444   2445,
              2446   2447   2448   2449   2450   2451   2452   2453,
              2454   2455   2456   2457   2458   2459   2460   2461,
              2462   2463   2464   2465   2466   2467   2468   2469,
              2470   2471   2472   2473   2474   2475   2476   2477,
              2478   2479   2480   2481   2482   2483   2484   2485,
              2486   2487   2488   2489   2490   2491   2492   2493,
              2494   2495   2496   2497   2498   2499   2500   2501,
              2502   2503   2504   2505   2506   2507   2508   2509,
              2510   2511   2512   2513   2514   2515   2516   2517,
              2518   2519   2520   2521   2522   2523   2524   2525,
              2526   2527   2528   2529   2530   2531   2532   2533,
              2534   2535   2536   2537   2538   2539   2540   2541,
              2542   2543   2544   2545   2546   2547   2548   2549,
              2550   2551   2552   2553   2554   2555   2556   2557,
              2558   2559   2560   2561   2562   2563   2564   2565,
              2566   2567   2568   2569   2570   2571   2572   2573,
              2574   2575   2576   2577   2578   2579   2580   2581,
              2582   2583   2584   2585   2586   2587   2588   2589,
              2590   8000   8001   8002   8003   8004   8005   8006,
              8007   8008   8009   8010   8011   8012   8013   8014,
              8015   8016   8017   8018   8019   8020   8021   8022,
              8023   8024   8025   8026   8027   8028   8029   8030,
              8031   8032   8033   8034   8035   8036   8037   8038,
              8039   8040   8041   8042   8043   8044   8045   8046,
              8047   8048   8049   8050   8051   8052   8053   8054,
              8055   8056   8057   8058   8059   8060   8061   8062,
              8063   8064   8065   8066   8067   8068   8069   8070,
              8071   8072   8073   8074   8075   8076   8077   8078,
              8079   8080   8081   8082   8083   8084   8085   8086,
              8087   8088   8089   8090   8091   8092   8093   8094,
              8095   8096   8097   8098   8099   8100   8101   8102,
              8103   8104   8105   8106   8107   8108   8109   8110,
              8111   8112   8113   8114   8115   8116   8117   8118,
              8119   8120   8121   8122   8123   8124   8125   8126,
              8127   8128   8129   8130   8131   8132   8133   8134,
              8135   8136   8137   8138   8139   8140   8141   8142,
              8143   8144   8145   8146   8147   8148   8149   8150,
              8151   8152   8153   8154   8155   8156   8157   8158,
              8159   8160   8161   8162   8163   8164   8165   8166,
              8167   8168   8169   8170   8171   8172   8173   8174,
              8175   8176   8177   8178   8179   8180   8181   8182 1.000
 elements     121   249   122   250   123   251   124   252   125   253,
              126   254   127   255   128   256   513   641   514   642,
              515   643   516   644   517   645   518   646   519   647,
              520   648   521   649   522   650   523   651   524   652,
              377   505   378   506   379   507   380   508   381   509,
              382   510   383   511   384   512   769   897   770   898,
              771   899   772   900   773   901   774   902   775   903,
              776   904   777   905   778   906   779   907   780   908,
             2201  2322  2202  2323  2203  2324  2204  2325  2205  2326,
             2206  2327  2207  2328  2208  2329  2209  2330  2210  2331,
             2211  2332  2212  2333  2213  2334  2214  2680  2215  2449,
             2216  2450  2217  2451  2218  2452  2219  2453  2220  2454,
             2221  2572  2222  2802  2681  2803  2223  2682  2804  2335,
             2929  3054  2224  2930  3055  2336  2455  2805  2225  2683,
             2806  2337  2684  2807  2226  2685  2808  2338  2686  2809,
             2227  2687  2810  2339  2688  2811  2228  2689  2812  2340,
             2690  2813  2229  2931  2814  2456  2932  2691  2230  2815,
             2692  2457  2816  2693  2231  2817  2694  2458  2818  2695,
             2232  2819  2933  2459  2820  2696  2233  2934  2460  2573,
             2461  2574  2462  2575  2463  2576  2697  2577  2464  2578,
             2465  2579  2466  2580  2467  2581  2468  2582  2469  2583,
             2470  2584  2471  2585  2472  2341  2586  2342  2587  2343,
             2588  2344  2589  2345  2590  2346  2591  2347  3056  2348,
             2473  2698  2935  3057  2474  2936  3058  2592  2699  2821,
             2475  2700  2822  2593  2937  3059  3175  2938  3060  2476,
             2939  3061  2594  2940  3062  2477  2941  3063  2595  2942,
             3064  2478  2943  3065  2596  2944  3066  2479  2945  3067,
             2597  3176  3068  2349  3177  3069  2598  2946  3070  2350,
             2947  3071  2599  2948  3072  2351  2949  3073  2600  3178,
             2701  2352  3179  3298  2601  2823  6106  6209  6107  6210,
             6108  6211  6109  6212  6110  6213  6334  6214  6111  6215,
             6112  6216  6335  6217  6336  6451  6563  6218  6564  6219,
             6452  6220  6682  6221  6902  7021  7142  7022  6903  7023,
             6904  7024  6905  7025  6906  7026  6907  6791  6337  6792,
             6908  7027  6565  7028  7143  7029  6793  6683  6566  7144,
             6909  6338  6222  6339  6223  6453  6224  6340  6225  6454,
             7145  7269  7146  6455  7147  7030  7148  7031  6341  7149,
             6342  7270  6226  6567  7150  7032  6794  6343  6684  7033,
             6456  7034  7151  6685  6910  6457  6911  6568  6912  6569,
             6686  6913  6687  6795  6344  6796  6914  6797  6570  6688,
             7152  6798  6915  6571  6689  6572  6799  6345  6227  6916,
             6228  6800  6229  6690  6230  7035  7153  7036  7154  6801,
             7037  6917  7038  7155  6346  7156  6347  6231  6573  6232,
             7157  7039  6918  7040  7158  6574  7041  7159  6919  7271,
             6233  6920  7160  7394  6921  7272  7521  7273  7395  6802,
             7274  7396  7042  7161  7397  7522  6348  7523  7649  6575,
             7650  6803  7524  7275  6234  6458  7276  6459  6576  6460,
             7162  6461  6235  6462  7043  6463  7044  6464  6804  7045,
             6577  6691  6805  6692  6578  6349  6579  6806  6580  6693,
             6581  6694  6350  6470  6351  6471  6352  6472  6353  6473,
             6354  6474  6582  6475  6355  6476  6583  6477  6584  6478,
             6695  6240  6356  6479  6357  6925  6358  6807  6480  6585,
             6586  6696  6587  6697  6588  6698  6589  6699  6590  6700,
             6808  6701  6591  6702  6926  6703  7277  6809  6927  6810,
             6704  6928  7278  7398  7279  7048  7280  6811  6812  7281,
             6813  6359  6814  7163  6815  6360  6816  6361  7399  6362,
             7282  6481  6592  6482  6593  6483  7400  6484  6363  6485,
             6364  6486  6929  6487  7401  6488  6594  6705  6595  7049,
             6596  7050  7283  6706  7402  6489  7525  6597  7403  7526,
             6707  7284  6708  7051  6930  6817  6931  6709  7285  7404,
             7164  7286  6932  7287  6365  6818  6366  6490  6367  6819,
             6368  6491  6820  7288  7651  6492  7289  6493  6598  6494,
             6599  6495  7405  6496  7052  7406  7777  6821  7527  7652,
             6710  7053  6600  6711  6601  7528  6602  6712  7653  6713,
             6822  6714  6933  6603  7778  6934  7529  7654  7779  7655,
             6823  7780  6824  7290  7054  7781  7905  6715  7906  6604,
             6605  6716  6825  6935  7055  6936  7056  6717  6937  6718,
             6938  7165  6939  6826  6940  7166  7407  7167  7291  7408,
             6827  7292  7057  7168  7293  6828  7294  7169
 print totals
 compute domain integral
