c
domain dnr_076
 symmetric
 normal plane nx 0  ny -1.0  nz 0.0
 front nodes   4441   4626   4811 linear verify
 function type b
 ignore crack face loading
 q-values     4626   4627   4628   4629   4630   4631   4632   4633,
              4634   4635   4636   4637   4638   4639   4640   4641,
              4642   4643   4644   4645   4646   4647   4648   4649,
              4650   4651   4652   4653   4654   4655   4656   4657,
              4658   4659   4660   4661   4662   4663   4664   4665,
              4666   4667   4668   4669   4670   4671   4672   4673,
              4674   4675   4676   4677   4678   4679   4680   4681,
              4682   4683   4684   4685   4686   4687   4688   4689,
              4690   4691   4692   4693   4694   4695   4696   4697,
              4698   4699   4700   4701   4702   4703   4704   4705,
              4706   4707   4708   4709   4710   4711   4712   4713,
              4714   4715   4716   4717   4718   4719   4720   4721,
              4722   4723   4724   4725   4726   4727   4728   4729,
              4730   4731   4732   4733   4734   4735   4736   4737,
              4738   4739   4740   4741   4742   4743   4744   4745,
              4746   4747   4748   4749   4750   4751   4752   4753,
              4754   4755   4756   4757   4758   4759   4760   4761,
              4762   4763   4764   4765   4766   4767   4768   4769,
              4770   4771   4772   4773   4774   4775   4776   4777,
              4778   4779   4780   4781   4782   4783   4784   4785,
              4786   4787   4788   4789   4790   4791   4792   4793,
              4794   4795   4796   4797   4798   4799   4800   4801,
              4802   4803   4804   4805   4806   4807   4808   4809,
              4810  10421  10422  10423  10424  10425  10426  10427,
             10428  10429  10430  10431  10432  10433  10434  10435,
             10436  10437  10438  10439  10440  10441  10442  10443,
             10444  10445  10446  10447  10448  10449  10450  10451,
             10452  10453  10454  10455  10456  10457  10458  10459,
             10460  10461  10462  10463  10464  10465  10466  10467,
             10468  10469  10470  10471  10472  10473  10474  10475,
             10476  10477  10478  10479  10480  10481  10482  10483,
             10484  10485  10486  10487  10488  10489  10490  10491,
             10492  10493  10494  10495  10496  10497  10498  10499,
             10500  10501  10502  10503  10504  10505  10506  10507,
             10508  10509  10510  10511  10512  10513  10514  10515,
             10516  10517  10518  10519  10520  10521  10522  10523,
             10524  10525  10526  10527  10528  10529  10530  10531,
             10532  10533  10534  10535  10536  10537  10538  10539,
             10540  10541  10542  10543  10544  10545  10546  10547,
             10548  10549  10550  10551  10552  10553  10554  10555,
             10556  10557  10558  10559  10560  10561  10562  10563,
             10564  10565  10566  10567  10568  10569  10570  10571,
             10572  10573 1.000
 elements     625   753   626   754   627   755   628   756   629   757,
              630   758   631   759   632   760   633   761   634   762,
              635   763   636   764   637   765   638   766   639   767,
              640   768  1025  1049  1026  1050  1027  1051  1028  1052,
              881  1009   882  1010   883  1011   884  1012   885  1013,
              886  1014   887  1015   888  1016   889  1017   890  1018,
              891  1019   892  1020   893  1021   894  1022   895  1023,
              896  1024  1073  1097  1074  1098  1075  1099  1076  1100,
             3288  3505  3289  3506  3391  3507  3392  3508  3290  3393,
             3291  3509  3292  3510  3293  3732  3294  3394  3295  3395,
             3296  3396  3851  3397  3852  3398  3853  3399  3854  3511,
             3626  3733  3627  3734  3628  3735  3629  3400  3736  3401,
             3737  3512  3738  3972  3739  3855  3513  3740  3856  4209,
             4324  4096  3402  4210  3973  4325  4211  3857  4449  3974,
             3858  3514  3975  3859  4326  3976  3860  3741  3977  3742,
             4327  3861  3743  3403  3862  3744  4212  4328  4213  3404,
             3978  4329  4450  3979  4097  3405  4214  4098  4451  4215,
             4452  3630  3863  4216  3745  3864  4217  3631  3865  4330,
             3746  3866  3980  4453  3867  4218  3747  3868  3406  3632,
             3407  3633  3748  3634  3749  3635  3750  3515  3636  3408,
             3637  3409  3638  3410  3516  3639  3517  3640  3518  3641,
             3519  3642  3520  3643  3521  3644  3751  3411  3869  3412,
             3522  3413  3523  3414  3524  3981  3525  3645  4099  3415,
             3646  3870  3982  4100  3416  3983  4101  3647  3984  3871,
             3526  4454  3872  3648  4102  4331  3417  3752  4103  3649,
             3753  4104  3418  4219  4105  3527  4220  4106  3650  3985,
             4107  3528  3986  4108  3651  3987  3754  3529  4109  3755,
             3652  4221  4332  3530  3988  4333  3756  3989  4110  3419,
             3990  4111  3531  3991  4112  3420  4455  4113  3532  4222,
             4334  3421  4577  3992  3533  4114  8645  8992  9106  8993,
             9107  9223  9108  8535  9109  9224  9110  8536  9111  8537,
             8646  8538  8647  8539  8648  8540  8756  8881  8757  8882,
             8758  9112  8759  8994  9113  9225  9344  9226  9345  9461,
             9579  9227  9346  9702  9462  9228  9580  9229  9114  8760,
             9463  9230  8883  8995  9115  8996  9231  9347  9232  9348,
             9581  9116  8649  9703  8541  8997  9117  8650  8761  9118,
             8542  8651  8543  8652  8544  8762  9582  9704  8653  8763,
             8654  9583  8884  8764  9584  8765  8655  8766  8656  8767,
             9233  9349  8768  9705  8769  9464  9585  9234  8770  9119,
             9235  8885  9120  9236  9121  8771  8886  8998  8887  9706,
             8657  9707  8658  9237  9350  9708  8888  9122  8659  9828,
             8660  8999  9586  9709  8772  8661  9351  8662  9710  8663,
             9711  8773  8889  9465  9587  8774  9238  9466  8890  8775,
             9467  8776  8664  8777  8665  8778  8779  8891  9829  9239,
             8780  9123  9240  9124  8892  9000  8666  9001  9588  9002,
             9003  9589  9953  9590  9830  9954 10081  9955  9468  9956,
             8893  9241  9125  9712  8790  8901  8791  8902  8792  8903,
             8793  8904  8794  8905  8795  8906  8796  8907  9006  8908,
             9007  8797  9129  9244  9355  9472  9130  9008  9473  8909,
             9245  8910  9356  9474  9596  9475  9597  9009  9357  9010,
             9476  9011  9358  9012  9359  9477  9360  9246  9131  9361,
             9478  9715  9831  9716  9832  9717  9598  9013  9479  9362,
             8798  8911  9132  8912  9833  8913  9718  8914  9599  8915,
             8799  9719  9834  8916  9014  9835  9600  9720  9133  8800,
             9247  9363  8917  9015  8918  9134  9248  9016  9017  9480,
             9249  9364  9250  9018  9365  9019  9481  9020  9366  9021,
             9367  9482  9368  9251  9135  9369  9836  9022  9136  9023,
             9137  9721  9483  9024  9370  9484  8919  9138  9957  9139,
             9958  8920  9140  8921  9601  8922  9485  9602  9837  9025,
             9603  9026  9722 10082  9141  9371  9252  9372  9604  8923,
             9142  9253  9838  9254  9255  9373  9486  9027 10083  9028,
             9374  9839  9375  9605  9143  9723  9376  8924  9487  9724,
            10084  9377 10209  9606  9488  9725 10210  9726  9840  9959,
             9489  9960
 print totals
 compute domain integral
c
domain dnr_077
 symmetric
 normal plane nx 0  ny -1.0  nz 0.0
 front nodes   4441   4626   4811 linear verify
 function type b
 ignore crack face loading
 q-values     4626   4627   4628   4629   4630   4631   4632   4633,
              4634   4635   4636   4637   4638   4639   4640   4641,
              4642   4643   4644   4645   4646   4647   4648   4649,
              4650   4651   4652   4653   4654   4655   4656   4657,
              4658   4659   4660   4661   4662   4663   4664   4665,
              4666   4667   4668   4669   4670   4671   4672   4673,
              4674   4675   4676   4677   4678   4679   4680   4681,
              4682   4683   4684   4685   4686   4687   4688   4689,
              4690   4691   4692   4693   4694   4695   4696   4697,
              4698   4699   4700   4701   4702   4703   4704   4705,
              4706   4707   4708   4709   4710   4711   4712   4713,
              4714   4715   4716   4717   4718   4719   4720   4721,
              4722   4723   4724   4725   4726   4727   4728   4729,
              4730   4731   4732   4733   4734   4735   4736   4737,
              4738   4739   4740   4741   4742   4743   4744   4745,
              4746   4747   4748   4749   4750   4751   4752   4753,
              4754   4755   4756   4757   4758   4759   4760   4761,
              4762   4763   4764   4765   4766   4767   4768   4769,
              4770   4771   4772   4773   4774   4775   4776   4777,
              4778   4779   4780   4781   4782   4783   4784   4785,
              4786   4787   4788   4789   4790   4791   4792   4793,
              4794   4795   4796   4797   4798   4799   4800   4801,
              4802   4803   4804   4805   4806   4807   4808   4809,
              4810  10421  10422  10423  10424  10425  10426  10427,
             10428  10429  10430  10431  10432  10433  10434  10435,
             10436  10437  10438  10439  10440  10441  10442  10443,
             10444  10445  10446  10447  10448  10449  10450  10451,
             10452  10453  10454  10455  10456  10457  10458  10459,
             10460  10461  10462  10463  10464  10465  10466  10467,
             10468  10469  10470  10471  10472  10473  10474  10475,
             10476  10477  10478  10479  10480  10481  10482  10483,
             10484  10485  10486  10487  10488  10489  10490  10491,
             10492  10493  10494  10495  10496  10497  10498  10499,
             10500  10501  10502  10503  10504  10505  10506  10507,
             10508  10509  10510  10511  10512  10513  10514  10515,
             10516  10517  10518  10519  10520  10521  10522  10523,
             10524  10525  10526  10527  10528  10529  10530  10531,
             10532  10533  10534  10535  10536  10537  10538  10539,
             10540  10541  10542  10543  10544  10545  10546  10547,
             10548  10549  10550  10551  10552  10553  10554  10555,
             10556  10557  10558  10559  10560  10561  10562  10563,
             10564  10565  10566  10567  10568  10569  10570  10571,
             10572  10573  10574  10575  10576  10577  10578  10579,
             10580  10581  10582  10583  10584  10585  10586  10587,
             10588 1.000
 elements     625   753   626   754   627   755   628   756   629   757,
              630   758   631   759   632   760   633   761   634   762,
              635   763   636   764   637   765   638   766   639   767,
              640   768  1025  1049  1026  1050  1027  1051  1028  1052,
              881  1009   882  1010   883  1011   884  1012   885  1013,
              886  1014   887  1015   888  1016   889  1017   890  1018,
              891  1019   892  1020   893  1021   894  1022   895  1023,
              896  1024  1073  1097  1074  1098  1075  1099  1076  1100,
             3288  3505  3289  3506  3391  3507  3392  3508  3290  3393,
             3291  3509  3292  3510  3293  3732  3294  3394  3295  3395,
             3296  3396  3851  3397  3852  3398  3853  3399  3854  3511,
             3626  3733  3627  3734  3628  3735  3629  3400  3736  3401,
             3737  3512  3738  3972  3739  3855  3513  3740  3856  4209,
             4324  4096  3402  4210  3973  4325  4211  3857  4449  3974,
             3858  3514  3975  3859  4326  3976  3860  3741  3977  3742,
             4327  3861  3743  3403  3862  3744  4212  4328  4213  3404,
             3978  4329  4450  3979  4097  3405  4214  4098  4451  4215,
             4452  3630  3863  4216  3745  3864  4217  3631  3865  4330,
             3746  3866  3980  4453  3867  4218  3747  3868  3406  3632,
             3407  3633  3748  3634  3749  3635  3750  3515  3636  3408,
             3637  3409  3638  3410  3516  3639  3517  3640  3518  3641,
             3519  3642  3520  3643  3521  3644  3751  3411  3869  3412,
             3522  3413  3523  3414  3524  3981  3525  3645  4099  3415,
             3646  3870  3982  4100  3416  3983  4101  3647  3984  3871,
             3526  4454  3872  3648  4102  4331  3417  3752  4103  3649,
             3753  4104  3418  4219  4105  3527  4220  4106  3650  3985,
             4107  3528  3986  4108  3651  3987  3754  3529  4109  3755,
             3652  4221  4332  3530  3988  4333  3756  3989  4110  3419,
             3990  4111  3531  3991  4112  3420  4455  4113  3532  4222,
             4334  3421  4577  3992  3533  4114  8645  8992  9106  8993,
             9107  9223  9108  8535  9109  9224  9110  8536  9111  8537,
             8646  8538  8647  8539  8648  8540  8756  8881  8757  8882,
             8758  9112  8759  8994  9113  9225  9344  9226  9345  9461,
             9579  9227  9346  9702  9462  9228  9580  9229  9114  8760,
             9463  9230  8883  8995  9115  8996  9231  9347  9232  9348,
             9581  9116  8649  9703  8541  8997  9117  8650  8761  9118,
             8542  8651  8543  8652  8544  8762  9582  9704  8653  8763,
             8654  9583  8884  8764  9584  8765  8655  8766  8656  8767,
             9233  9349  8768  9705  8769  9464  9585  9234  8770  9119,
             9235  8885  9120  9236  9121  8771  8886  8998  8887  9706,
             8657  9707  8658  9237  9350  9708  8888  9122  8659  9828,
             8660  8999  9586  9709  8772  8661  9351  8662  9710  8663,
             9711  8773  8889  9465  9587  8774  9238  9466  8890  8775,
             9467  8776  8664  8777  8665  8778  8779  8891  9829  9239,
             8780  9123  9240  9124  8892  9000  8666  9001  9588  9002,
             9003  9589  9953  9590  9830  9954 10081  9955  9468  9956,
             8893  9241  9125  9712  8781  8894  8782  9126  8783  9127,
             8784  8895  8785  9242  9004  8667  8896  8668  8790  8901,
             8791  8902  8792  8903  8793  8904  8794  8905  8795  8906,
             8796  8907  9006  8908  9007  8797  9129  9244  9355  9472,
             9130  9008  9473  8909  9245  8910  9356  9474  9596  9475,
             9597  9009  9357  9010  9476  9011  9358  9012  9359  9477,
             9360  9246  9131  9361  9478  9715  9831  9716  9832  9717,
             9598  9013  9479  9362  8798  8911  9132  8912  9833  8913,
             9718  8914  9599  8915  8799  9719  9834  8916  9014  9835,
             9600  9720  9133  8800  9247  9363  8917  9015  8918  9134,
             9248  9016  9017  9480  9249  9364  9250  9018  9365  9019,
             9481  9020  9366  9021  9367  9482  9368  9251  9135  9369,
             9836  9022  9136  9023  9137  9721  9483  9024  9370  9484,
             8919  9138  9957  9139  9958  8920  9140  8921  9601  8922,
             9485  9602  9837  9025  9603  9026  9722 10082  9141  9371,
             9252  9372  9604  8923  9142  9253  9838  9254  9255  9373,
             9486  9027 10083  9028  9374  9839  9375  9605  9143  9723,
             9376  8924  9487  9724 10084  9377 10209  9606  9488  9725,
            10210  9726  9840  9959  9489  9960  9144  9256  9029  9257,
             9030  9258  9031  9145  9032  9146  9378  9607  9033  9259
 print totals
 compute domain integral
c
domain dnr_078
 symmetric
 normal plane nx 0  ny -1.0  nz 0.0
 front nodes   4441   4626   4811 linear verify
 function type b
 ignore crack face loading
 q-values     4626   4627   4628   4629   4630   4631   4632   4633,
              4634   4635   4636   4637   4638   4639   4640   4641,
              4642   4643   4644   4645   4646   4647   4648   4649,
              4650   4651   4652   4653   4654   4655   4656   4657,
              4658   4659   4660   4661   4662   4663   4664   4665,
              4666   4667   4668   4669   4670   4671   4672   4673,
              4674   4675   4676   4677   4678   4679   4680   4681,
              4682   4683   4684   4685   4686   4687   4688   4689,
              4690   4691   4692   4693   4694   4695   4696   4697,
              4698   4699   4700   4701   4702   4703   4704   4705,
              4706   4707   4708   4709   4710   4711   4712   4713,
              4714   4715   4716   4717   4718   4719   4720   4721,
              4722   4723   4724   4725   4726   4727   4728   4729,
              4730   4731   4732   4733   4734   4735   4736   4737,
              4738   4739   4740   4741   4742   4743   4744   4745,
              4746   4747   4748   4749   4750   4751   4752   4753,
              4754   4755   4756   4757   4758   4759   4760   4761,
              4762   4763   4764   4765   4766   4767   4768   4769,
              4770   4771   4772   4773   4774   4775   4776   4777,
              4778   4779   4780   4781   4782   4783   4784   4785,
              4786   4787   4788   4789   4790   4791   4792   4793,
              4794   4795   4796   4797   4798   4799   4800   4801,
              4802   4803   4804   4805   4806   4807   4808   4809,
              4810  10421  10422  10423  10424  10425  10426  10427,
             10428  10429  10430  10431  10432  10433  10434  10435,
             10436  10437  10438  10439  10440  10441  10442  10443,
             10444  10445  10446  10447  10448  10449  10450  10451,
             10452  10453  10454  10455  10456  10457  10458  10459,
             10460  10461  10462  10463  10464  10465  10466  10467,
             10468  10469  10470  10471  10472  10473  10474  10475,
             10476  10477  10478  10479  10480  10481  10482  10483,
             10484  10485  10486  10487  10488  10489  10490  10491,
             10492  10493  10494  10495  10496  10497  10498  10499,
             10500  10501  10502  10503  10504  10505  10506  10507,
             10508  10509  10510  10511  10512  10513  10514  10515,
             10516  10517  10518  10519  10520  10521  10522  10523,
             10524  10525  10526  10527  10528  10529  10530  10531,
             10532  10533  10534  10535  10536  10537  10538  10539,
             10540  10541  10542  10543  10544  10545  10546  10547,
             10548  10549  10550  10551  10552  10553  10554  10555,
             10556  10557  10558  10559  10560  10561  10562  10563,
             10564  10565  10566  10567  10568  10569  10570  10571,
             10572  10573  10574  10575  10576  10577  10578  10579,
             10580  10581  10582  10583  10584  10585  10586  10587,
             10588  10589  10590  10591  10592  10593  10594  10595,
             10596  10597  10598  10599  10600  10601  10602  10603 1.000
 elements     625   753   626   754   627   755   628   756   629   757,
              630   758   631   759   632   760   633   761   634   762,
              635   763   636   764   637   765   638   766   639   767,
              640   768  1025  1049  1026  1050  1027  1051  1028  1052,
              881  1009   882  1010   883  1011   884  1012   885  1013,
              886  1014   887  1015   888  1016   889  1017   890  1018,
              891  1019   892  1020   893  1021   894  1022   895  1023,
              896  1024  1073  1097  1074  1098  1075  1099  1076  1100,
             3288  3505  3289  3506  3391  3507  3392  3508  3290  3393,
             3291  3509  3292  3510  3293  3732  3294  3394  3295  3395,
             3296  3396  3851  3397  3852  3398  3853  3399  3854  3511,
             3626  3733  3627  3734  3628  3735  3629  3400  3736  3401,
             3737  3512  3738  3972  3739  3855  3513  3740  3856  4209,
             4324  4096  3402  4210  3973  4325  4211  3857  4449  3974,
             3858  3514  3975  3859  4326  3976  3860  3741  3977  3742,
             4327  3861  3743  3403  3862  3744  4212  4328  4213  3404,
             3978  4329  4450  3979  4097  3405  4214  4098  4451  4215,
             4452  3630  3863  4216  3745  3864  4217  3631  3865  4330,
             3746  3866  3980  4453  3867  4218  3747  3868  3406  3632,
             3407  3633  3748  3634  3749  3635  3750  3515  3636  3408,
             3637  3409  3638  3410  3516  3639  3517  3640  3518  3641,
             3519  3642  3520  3643  3521  3644  3751  3411  3869  3412,
             3522  3413  3523  3414  3524  3981  3525  3645  4099  3415,
             3646  3870  3982  4100  3416  3983  4101  3647  3984  3871,
             3526  4454  3872  3648  4102  4331  3417  3752  4103  3649,
             3753  4104  3418  4219  4105  3527  4220  4106  3650  3985,
             4107  3528  3986  4108  3651  3987  3754  3529  4109  3755,
             3652  4221  4332  3530  3988  4333  3756  3989  4110  3419,
             3990  4111  3531  3991  4112  3420  4455  4113  3532  4222,
             4334  3421  4577  3992  3533  4114  8645  8992  9106  8993,
             9107  9223  9108  8535  9109  9224  9110  8536  9111  8537,
             8646  8538  8647  8539  8648  8540  8756  8881  8757  8882,
             8758  9112  8759  8994  9113  9225  9344  9226  9345  9461,
             9579  9227  9346  9702  9462  9228  9580  9229  9114  8760,
             9463  9230  8883  8995  9115  8996  9231  9347  9232  9348,
             9581  9116  8649  9703  8541  8997  9117  8650  8761  9118,
             8542  8651  8543  8652  8544  8762  9582  9704  8653  8763,
             8654  9583  8884  8764  9584  8765  8655  8766  8656  8767,
             9233  9349  8768  9705  8769  9464  9585  9234  8770  9119,
             9235  8885  9120  9236  9121  8771  8886  8998  8887  9706,
             8657  9707  8658  9237  9350  9708  8888  9122  8659  9828,
             8660  8999  9586  9709  8772  8661  9351  8662  9710  8663,
             9711  8773  8889  9465  9587  8774  9238  9466  8890  8775,
             9467  8776  8664  8777  8665  8778  8779  8891  9829  9239,
             8780  9123  9240  9124  8892  9000  8666  9001  9588  9002,
             9003  9589  9953  9590  9830  9954 10081  9955  9468  9956,
             8893  9241  9125  9712  8781  8894  8782  9126  8783  9127,
             8784  8895  8785  9242  9004  8667  8896  8668  9352  9469,
             9591  8898  9592  8899  9353  9243  9354  9594  9713  9128,
             9714  9471  8790  8901  8791  8902  8792  8903  8793  8904,
             8794  8905  8795  8906  8796  8907  9006  8908  9007  8797,
             9129  9244  9355  9472  9130  9008  9473  8909  9245  8910,
             9356  9474  9596  9475  9597  9009  9357  9010  9476  9011,
             9358  9012  9359  9477  9360  9246  9131  9361  9478  9715,
             9831  9716  9832  9717  9598  9013  9479  9362  8798  8911,
             9132  8912  9833  8913  9718  8914  9599  8915  8799  9719,
             9834  8916  9014  9835  9600  9720  9133  8800  9247  9363,
             8917  9015  8918  9134  9248  9016  9017  9480  9249  9364,
             9250  9018  9365  9019  9481  9020  9366  9021  9367  9482,
             9368  9251  9135  9369  9836  9022  9136  9023  9137  9721,
             9483  9024  9370  9484  8919  9138  9957  9139  9958  8920,
             9140  8921  9601  8922  9485  9602  9837  9025  9603  9026,
             9722 10082  9141  9371  9252  9372  9604  8923  9142  9253,
             9838  9254  9255  9373  9486  9027 10083  9028  9374  9839,
             9375  9605  9143  9723  9376  8924  9487  9724 10084  9377,
            10209  9606  9488  9725 10210  9726  9840  9959  9489  9960,
             9144  9256  9029  9257  9030  9258  9031  9145  9032  9146,
             9378  9607  9033  9259  9034  9727  9379  9490  9380  9491,
             9728  9841  9729  8925  9492  9260  9381  9147
 print totals
 compute domain integral
