c
domain dnr_046
 symmetric
 normal plane nx 0  ny -1.0  nz 0.0
 front nodes   2591   2776   2961 linear verify
 function type b
 ignore crack face loading
 q-values     2776   2777   2778   2779   2780   2781   2782   2783,
              2784   2785   2786   2787   2788   2789   2790   2791,
              2792   2793   2794   2795   2796   2797   2798   2799,
              2800   2801   2802   2803   2804   2805   2806   2807,
              2808   2809   2810   2811   2812   2813   2814   2815,
              2816   2817   2818   2819   2820   2821   2822   2823,
              2824   2825   2826   2827   2828   2829   2830   2831,
              2832   2833   2834   2835   2836   2837   2838   2839,
              2840   2841   2842   2843   2844   2845   2846   2847,
              2848   2849   2850   2851   2852   2853   2854   2855,
              2856   2857   2858   2859   2860   2861   2862   2863,
              2864   2865   2866   2867   2868   2869   2870   2871,
              2872   2873   2874   2875   2876   2877   2878   2879,
              2880   2881   2882   2883   2884   2885   2886   2887,
              2888   2889   2890   2891   2892   2893   2894   2895,
              2896   2897   2898   2899   2900   2901   2902   2903,
              2904   2905   2906   2907   2908   2909   2910   2911,
              2912   2913   2914   2915   2916   2917   2918   2919,
              2920   2921   2922   2923   2924   2925   2926   2927,
              2928   2929   2930   2931   2932   2933   2934   2935,
              2936   2937   2938   2939   2940   2941   2942   2943,
              2944   2945   2946   2947   2948   2949   2950   2951,
              2952   2953   2954   2955   2956   2957   2958   2959,
              2960   8396   8397   8398   8399   8400   8401   8402,
              8403   8404   8405   8406   8407   8408   8409   8410,
              8411   8412   8413   8414   8415   8416   8417   8418,
              8419   8420   8421   8422   8423   8424   8425   8426,
              8427   8428   8429   8430   8431   8432   8433   8434,
              8435   8436   8437   8438   8439   8440   8441   8442,
              8443   8444   8445   8446   8447   8448   8449   8450,
              8451   8452   8453   8454   8455   8456   8457   8458,
              8459   8460   8461   8462   8463   8464   8465   8466,
              8467   8468   8469   8470   8471   8472   8473   8474,
              8475   8476   8477   8478   8479   8480   8481   8482,
              8483   8484   8485   8486   8487   8488   8489   8490,
              8491   8492   8493   8494   8495   8496   8497   8498,
              8499   8500   8501   8502   8503   8504   8505   8506,
              8507   8508   8509   8510   8511   8512   8513   8514,
              8515   8516   8517   8518   8519   8520   8521   8522,
              8523   8524   8525   8526   8527   8528   8529   8530,
              8531   8532   8533   8534   8535   8536   8537   8538,
              8539   8540   8541   8542   8543   8544   8545   8546,
              8547   8548 1.000
 elements     525   653   526   654   527   655   528   656   529   657,
              530   658   531   659   532   660   533   661   534   662,
              535   663   536   664   537   665   538   666   539   667,
              540   668   541   669   542   670   543   671   544   672,
              781   909   782   910   783   911   784   912   785   913,
              786   914   787   915   788   916   789   917   790   918,
              791   919   792   920   793   921   794   922   795   923,
              796   924   797   925   798   926   799   927   800   928,
             2234  2353  2235  2354  2236  2355  2237  2356  2238  2357,
             2239  2358  2240  2359  2241  2360  2242  2361  2243  2362,
             2244  2363  2245  2364  2246  2365  2247  2702  2248  2480,
             2249  2481  2250  2482  2251  2483  2252  2484  2253  2485,
             2254  2602  2255  2824  2703  2825  2256  2704  2826  2366,
             2950  3074  2257  2951  3075  2367  2486  2827  2258  2705,
             2828  2368  2706  2829  2259  2707  2830  2369  2708  2831,
             2260  2709  2832  2370  2710  2833  2261  2711  2834  2371,
             2712  2835  2262  2952  2836  2487  2953  2713  2263  2837,
             2714  2488  2838  2715  2264  2839  2716  2489  2840  2717,
             2265  2841  2954  2490  2842  2718  2266  2955  2491  2603,
             2492  2604  2493  2605  2494  2606  2719  2607  2495  2608,
             2496  2609  2497  2610  2498  2611  2499  2612  2500  2613,
             2501  2614  2502  2615  2503  2372  2616  2373  2617  2374,
             2618  2375  2619  2376  2620  2377  2621  2378  3076  2379,
             2504  2720  2956  3077  2505  2957  3078  2622  2721  2843,
             2506  2722  2844  2623  2958  3079  3180  2959  3080  2507,
             2960  3081  2624  2961  3082  2508  2962  3083  2625  2963,
             3084  2509  2964  3085  2626  2965  3086  2510  2966  3087,
             2627  3181  3088  2380  3182  3089  2628  2967  3090  2381,
             2968  3091  2629  2969  3092  2382  2970  3093  2630  3183,
             2723  2383  3184  3299  2631  2845  6829  6941  6830  6942,
             6831  6943  6832  6944  6833  6945  7058  6946  6834  7059,
             6835  7060  6947  7061  6606  7062  6607  6836  6608  6719,
             6609  6720  6948  6721  7063  7170  7064  7171  7065  7295,
             7066  7172  7067  7173  7296  7174  7409  7175  7297  7176,
             7410  7177  7298  7178  7299  7068  7179  6837  7180  7530,
             7181  7069  6949  7411  6950  7300  6951  7412  6952  7531,
             6953  7656  6954  7070  6838  7071  6839  7072  6955  7532,
             6610  7073  6611  6840  6612  6722  6613  6723  6614  6724,
             7074  7182  7533  6725  7534  6726  6615  7075  6616  6727,
             6841  6728  6956  7183  6957  7184  6842  7185  6729  7186,
             7301  7187  6958  7076  7782  6843  7188  6844  6959  7302,
             6960  6845  6961  7189  6962  7190  6963  7077  6964  7078,
             6846  7079  7413  7080  6965  7303  6617  7535  6618  6847,
             7536  6730  6966  7081  7414  6619  7082  7191  7083  6731,
             7415  7192  6967  7193  7537  7194  7304  7084  7195  6848,
             7416  7907  7305  7908  8033  7538  7909  7783  7657  8034,
             7658  8035  7306  7539  6736  7309  6737  7310  6738  7198,
             6739  7311  6740  7420  6741  7546  6742  6968  6743  7547,
             6744  6852  6745  6853  6746  6969  7312  6970  7087  6854,
             7313  6855  7548  7660  7549  7421  7550  7661  7784  7422,
             7785  7551  6856  7662  7314  7552  7423  7663  7315  7664,
             6971  7424  7553  7425  7554  7426  7316  7427  7665  7428,
             6747  6857  7786  6858  7787  6859  7910  6748  6860  7429,
             7788  7555  7789  6749  7790  6750  7791  7088  6861  7666,
             6751  7667  7317  7668  6972  7089  6973  7318  7556  7669,
             7090  7199  7091  7319  7670  7320  7792  7200  7321  7201,
             7322  7557  7323  7558  7430  7671  6974  7431  6975  7092,
             7432  6862  7202  7324  7559  7093  6752  6863  7793  7325,
             7433  6864  7434  6865  7560  7672  7794  7435  7673  8036,
             6866  7674  7795  7094  6867  7095  7675  7796  7911  7326,
             7436  7676  6976  7327  7561  7677  7562  7678  7328  8161,
             7329  8162  7437  6977  7438  8163  7797  7912  8037  8164,
             7798  8165  6868  8289  7679  8290  7913  7799  8291  6978,
             8292  8038
 print totals
 compute domain integral
c
domain dnr_047
 symmetric
 normal plane nx 0  ny -1.0  nz 0.0
 front nodes   2591   2776   2961 linear verify
 function type b
 ignore crack face loading
 q-values     2776   2777   2778   2779   2780   2781   2782   2783,
              2784   2785   2786   2787   2788   2789   2790   2791,
              2792   2793   2794   2795   2796   2797   2798   2799,
              2800   2801   2802   2803   2804   2805   2806   2807,
              2808   2809   2810   2811   2812   2813   2814   2815,
              2816   2817   2818   2819   2820   2821   2822   2823,
              2824   2825   2826   2827   2828   2829   2830   2831,
              2832   2833   2834   2835   2836   2837   2838   2839,
              2840   2841   2842   2843   2844   2845   2846   2847,
              2848   2849   2850   2851   2852   2853   2854   2855,
              2856   2857   2858   2859   2860   2861   2862   2863,
              2864   2865   2866   2867   2868   2869   2870   2871,
              2872   2873   2874   2875   2876   2877   2878   2879,
              2880   2881   2882   2883   2884   2885   2886   2887,
              2888   2889   2890   2891   2892   2893   2894   2895,
              2896   2897   2898   2899   2900   2901   2902   2903,
              2904   2905   2906   2907   2908   2909   2910   2911,
              2912   2913   2914   2915   2916   2917   2918   2919,
              2920   2921   2922   2923   2924   2925   2926   2927,
              2928   2929   2930   2931   2932   2933   2934   2935,
              2936   2937   2938   2939   2940   2941   2942   2943,
              2944   2945   2946   2947   2948   2949   2950   2951,
              2952   2953   2954   2955   2956   2957   2958   2959,
              2960   8396   8397   8398   8399   8400   8401   8402,
              8403   8404   8405   8406   8407   8408   8409   8410,
              8411   8412   8413   8414   8415   8416   8417   8418,
              8419   8420   8421   8422   8423   8424   8425   8426,
              8427   8428   8429   8430   8431   8432   8433   8434,
              8435   8436   8437   8438   8439   8440   8441   8442,
              8443   8444   8445   8446   8447   8448   8449   8450,
              8451   8452   8453   8454   8455   8456   8457   8458,
              8459   8460   8461   8462   8463   8464   8465   8466,
              8467   8468   8469   8470   8471   8472   8473   8474,
              8475   8476   8477   8478   8479   8480   8481   8482,
              8483   8484   8485   8486   8487   8488   8489   8490,
              8491   8492   8493   8494   8495   8496   8497   8498,
              8499   8500   8501   8502   8503   8504   8505   8506,
              8507   8508   8509   8510   8511   8512   8513   8514,
              8515   8516   8517   8518   8519   8520   8521   8522,
              8523   8524   8525   8526   8527   8528   8529   8530,
              8531   8532   8533   8534   8535   8536   8537   8538,
              8539   8540   8541   8542   8543   8544   8545   8546,
              8547   8548   8549   8550   8551   8552   8553   8554,
              8555   8556   8557   8558   8559   8560   8561   8562,
              8563 1.000
 elements     525   653   526   654   527   655   528   656   529   657,
              530   658   531   659   532   660   533   661   534   662,
              535   663   536   664   537   665   538   666   539   667,
              540   668   541   669   542   670   543   671   544   672,
              781   909   782   910   783   911   784   912   785   913,
              786   914   787   915   788   916   789   917   790   918,
              791   919   792   920   793   921   794   922   795   923,
              796   924   797   925   798   926   799   927   800   928,
             2234  2353  2235  2354  2236  2355  2237  2356  2238  2357,
             2239  2358  2240  2359  2241  2360  2242  2361  2243  2362,
             2244  2363  2245  2364  2246  2365  2247  2702  2248  2480,
             2249  2481  2250  2482  2251  2483  2252  2484  2253  2485,
             2254  2602  2255  2824  2703  2825  2256  2704  2826  2366,
             2950  3074  2257  2951  3075  2367  2486  2827  2258  2705,
             2828  2368  2706  2829  2259  2707  2830  2369  2708  2831,
             2260  2709  2832  2370  2710  2833  2261  2711  2834  2371,
             2712  2835  2262  2952  2836  2487  2953  2713  2263  2837,
             2714  2488  2838  2715  2264  2839  2716  2489  2840  2717,
             2265  2841  2954  2490  2842  2718  2266  2955  2491  2603,
             2492  2604  2493  2605  2494  2606  2719  2607  2495  2608,
             2496  2609  2497  2610  2498  2611  2499  2612  2500  2613,
             2501  2614  2502  2615  2503  2372  2616  2373  2617  2374,
             2618  2375  2619  2376  2620  2377  2621  2378  3076  2379,
             2504  2720  2956  3077  2505  2957  3078  2622  2721  2843,
             2506  2722  2844  2623  2958  3079  3180  2959  3080  2507,
             2960  3081  2624  2961  3082  2508  2962  3083  2625  2963,
             3084  2509  2964  3085  2626  2965  3086  2510  2966  3087,
             2627  3181  3088  2380  3182  3089  2628  2967  3090  2381,
             2968  3091  2629  2969  3092  2382  2970  3093  2630  3183,
             2723  2383  3184  3299  2631  2845  6829  6941  6830  6942,
             6831  6943  6832  6944  6833  6945  7058  6946  6834  7059,
             6835  7060  6947  7061  6606  7062  6607  6836  6608  6719,
             6609  6720  6948  6721  7063  7170  7064  7171  7065  7295,
             7066  7172  7067  7173  7296  7174  7409  7175  7297  7176,
             7410  7177  7298  7178  7299  7068  7179  6837  7180  7530,
             7181  7069  6949  7411  6950  7300  6951  7412  6952  7531,
             6953  7656  6954  7070  6838  7071  6839  7072  6955  7532,
             6610  7073  6611  6840  6612  6722  6613  6723  6614  6724,
             7074  7182  7533  6725  7534  6726  6615  7075  6616  6727,
             6841  6728  6956  7183  6957  7184  6842  7185  6729  7186,
             7301  7187  6958  7076  7782  6843  7188  6844  6959  7302,
             6960  6845  6961  7189  6962  7190  6963  7077  6964  7078,
             6846  7079  7413  7080  6965  7303  6617  7535  6618  6847,
             7536  6730  6966  7081  7414  6619  7082  7191  7083  6731,
             7415  7192  6967  7193  7537  7194  7304  7084  7195  6848,
             7416  7907  7305  7908  8033  7538  7909  7783  7657  8034,
             7658  8035  7306  7539  6849  7085  6620  6732  6621  6733,
             6622  7196  6623  6850  6624  7086  7417  6734  6736  7309,
             6737  7310  6738  7198  6739  7311  6740  7420  6741  7546,
             6742  6968  6743  7547  6744  6852  6745  6853  6746  6969,
             7312  6970  7087  6854  7313  6855  7548  7660  7549  7421,
             7550  7661  7784  7422  7785  7551  6856  7662  7314  7552,
             7423  7663  7315  7664  6971  7424  7553  7425  7554  7426,
             7316  7427  7665  7428  6747  6857  7786  6858  7787  6859,
             7910  6748  6860  7429  7788  7555  7789  6749  7790  6750,
             7791  7088  6861  7666  6751  7667  7317  7668  6972  7089,
             6973  7318  7556  7669  7090  7199  7091  7319  7670  7320,
             7792  7200  7321  7201  7322  7557  7323  7558  7430  7671,
             6974  7431  6975  7092  7432  6862  7202  7324  7559  7093,
             6752  6863  7793  7325  7433  6864  7434  6865  7560  7672,
             7794  7435  7673  8036  6866  7674  7795  7094  6867  7095,
             7675  7796  7911  7326  7436  7676  6976  7327  7561  7677,
             7562  7678  7328  8161  7329  8162  7437  6977  7438  8163,
             7797  7912  8037  8164  7798  8165  6868  8289  7679  8290,
             7913  7799  8291  6978  8292  8038  6979  7203  6869  6980,
             7096  6981  6870  6982  7097  6983  7204  6871  7205  6872
 print totals
 compute domain integral
c
domain dnr_048
 symmetric
 normal plane nx 0  ny -1.0  nz 0.0
 front nodes   2591   2776   2961 linear verify
 function type b
 ignore crack face loading
 q-values     2776   2777   2778   2779   2780   2781   2782   2783,
              2784   2785   2786   2787   2788   2789   2790   2791,
              2792   2793   2794   2795   2796   2797   2798   2799,
              2800   2801   2802   2803   2804   2805   2806   2807,
              2808   2809   2810   2811   2812   2813   2814   2815,
              2816   2817   2818   2819   2820   2821   2822   2823,
              2824   2825   2826   2827   2828   2829   2830   2831,
              2832   2833   2834   2835   2836   2837   2838   2839,
              2840   2841   2842   2843   2844   2845   2846   2847,
              2848   2849   2850   2851   2852   2853   2854   2855,
              2856   2857   2858   2859   2860   2861   2862   2863,
              2864   2865   2866   2867   2868   2869   2870   2871,
              2872   2873   2874   2875   2876   2877   2878   2879,
              2880   2881   2882   2883   2884   2885   2886   2887,
              2888   2889   2890   2891   2892   2893   2894   2895,
              2896   2897   2898   2899   2900   2901   2902   2903,
              2904   2905   2906   2907   2908   2909   2910   2911,
              2912   2913   2914   2915   2916   2917   2918   2919,
              2920   2921   2922   2923   2924   2925   2926   2927,
              2928   2929   2930   2931   2932   2933   2934   2935,
              2936   2937   2938   2939   2940   2941   2942   2943,
              2944   2945   2946   2947   2948   2949   2950   2951,
              2952   2953   2954   2955   2956   2957   2958   2959,
              2960   8396   8397   8398   8399   8400   8401   8402,
              8403   8404   8405   8406   8407   8408   8409   8410,
              8411   8412   8413   8414   8415   8416   8417   8418,
              8419   8420   8421   8422   8423   8424   8425   8426,
              8427   8428   8429   8430   8431   8432   8433   8434,
              8435   8436   8437   8438   8439   8440   8441   8442,
              8443   8444   8445   8446   8447   8448   8449   8450,
              8451   8452   8453   8454   8455   8456   8457   8458,
              8459   8460   8461   8462   8463   8464   8465   8466,
              8467   8468   8469   8470   8471   8472   8473   8474,
              8475   8476   8477   8478   8479   8480   8481   8482,
              8483   8484   8485   8486   8487   8488   8489   8490,
              8491   8492   8493   8494   8495   8496   8497   8498,
              8499   8500   8501   8502   8503   8504   8505   8506,
              8507   8508   8509   8510   8511   8512   8513   8514,
              8515   8516   8517   8518   8519   8520   8521   8522,
              8523   8524   8525   8526   8527   8528   8529   8530,
              8531   8532   8533   8534   8535   8536   8537   8538,
              8539   8540   8541   8542   8543   8544   8545   8546,
              8547   8548   8549   8550   8551   8552   8553   8554,
              8555   8556   8557   8558   8559   8560   8561   8562,
              8563   8564   8565   8566   8567   8568   8569   8570,
              8571   8572   8573   8574   8575   8576   8577   8578 1.000
 elements     525   653   526   654   527   655   528   656   529   657,
              530   658   531   659   532   660   533   661   534   662,
              535   663   536   664   537   665   538   666   539   667,
              540   668   541   669   542   670   543   671   544   672,
              781   909   782   910   783   911   784   912   785   913,
              786   914   787   915   788   916   789   917   790   918,
              791   919   792   920   793   921   794   922   795   923,
              796   924   797   925   798   926   799   927   800   928,
             2234  2353  2235  2354  2236  2355  2237  2356  2238  2357,
             2239  2358  2240  2359  2241  2360  2242  2361  2243  2362,
             2244  2363  2245  2364  2246  2365  2247  2702  2248  2480,
             2249  2481  2250  2482  2251  2483  2252  2484  2253  2485,
             2254  2602  2255  2824  2703  2825  2256  2704  2826  2366,
             2950  3074  2257  2951  3075  2367  2486  2827  2258  2705,
             2828  2368  2706  2829  2259  2707  2830  2369  2708  2831,
             2260  2709  2832  2370  2710  2833  2261  2711  2834  2371,
             2712  2835  2262  2952  2836  2487  2953  2713  2263  2837,
             2714  2488  2838  2715  2264  2839  2716  2489  2840  2717,
             2265  2841  2954  2490  2842  2718  2266  2955  2491  2603,
             2492  2604  2493  2605  2494  2606  2719  2607  2495  2608,
             2496  2609  2497  2610  2498  2611  2499  2612  2500  2613,
             2501  2614  2502  2615  2503  2372  2616  2373  2617  2374,
             2618  2375  2619  2376  2620  2377  2621  2378  3076  2379,
             2504  2720  2956  3077  2505  2957  3078  2622  2721  2843,
             2506  2722  2844  2623  2958  3079  3180  2959  3080  2507,
             2960  3081  2624  2961  3082  2508  2962  3083  2625  2963,
             3084  2509  2964  3085  2626  2965  3086  2510  2966  3087,
             2627  3181  3088  2380  3182  3089  2628  2967  3090  2381,
             2968  3091  2629  2969  3092  2382  2970  3093  2630  3183,
             2723  2383  3184  3299  2631  2845  6829  6941  6830  6942,
             6831  6943  6832  6944  6833  6945  7058  6946  6834  7059,
             6835  7060  6947  7061  6606  7062  6607  6836  6608  6719,
             6609  6720  6948  6721  7063  7170  7064  7171  7065  7295,
             7066  7172  7067  7173  7296  7174  7409  7175  7297  7176,
             7410  7177  7298  7178  7299  7068  7179  6837  7180  7530,
             7181  7069  6949  7411  6950  7300  6951  7412  6952  7531,
             6953  7656  6954  7070  6838  7071  6839  7072  6955  7532,
             6610  7073  6611  6840  6612  6722  6613  6723  6614  6724,
             7074  7182  7533  6725  7534  6726  6615  7075  6616  6727,
             6841  6728  6956  7183  6957  7184  6842  7185  6729  7186,
             7301  7187  6958  7076  7782  6843  7188  6844  6959  7302,
             6960  6845  6961  7189  6962  7190  6963  7077  6964  7078,
             6846  7079  7413  7080  6965  7303  6617  7535  6618  6847,
             7536  6730  6966  7081  7414  6619  7082  7191  7083  6731,
             7415  7192  6967  7193  7537  7194  7304  7084  7195  6848,
             7416  7907  7305  7908  8033  7538  7909  7783  7657  8034,
             7658  8035  7306  7539  6849  7085  6620  6732  6621  6733,
             6622  7196  6623  6850  6624  7086  7417  6734  7307  7540,
             7308  7541  6851  7197  7542  7418  7543  7419  7544  6735,
             7545  7659  6736  7309  6737  7310  6738  7198  6739  7311,
             6740  7420  6741  7546  6742  6968  6743  7547  6744  6852,
             6745  6853  6746  6969  7312  6970  7087  6854  7313  6855,
             7548  7660  7549  7421  7550  7661  7784  7422  7785  7551,
             6856  7662  7314  7552  7423  7663  7315  7664  6971  7424,
             7553  7425  7554  7426  7316  7427  7665  7428  6747  6857,
             7786  6858  7787  6859  7910  6748  6860  7429  7788  7555,
             7789  6749  7790  6750  7791  7088  6861  7666  6751  7667,
             7317  7668  6972  7089  6973  7318  7556  7669  7090  7199,
             7091  7319  7670  7320  7792  7200  7321  7201  7322  7557,
             7323  7558  7430  7671  6974  7431  6975  7092  7432  6862,
             7202  7324  7559  7093  6752  6863  7793  7325  7433  6864,
             7434  6865  7560  7672  7794  7435  7673  8036  6866  7674,
             7795  7094  6867  7095  7675  7796  7911  7326  7436  7676,
             6976  7327  7561  7677  7562  7678  7328  8161  7329  8162,
             7437  6977  7438  8163  7797  7912  8037  8164  7798  8165,
             6868  8289  7679  8290  7913  7799  8291  6978  8292  8038,
             6979  7203  6869  6980  7096  6981  6870  6982  7097  6983,
             7204  6871  7205  6872  7439  7680  7440  7206  7330  7441,
             7100  7331  7682  7332  7683  6986  7333  6987
 print totals
 compute domain integral
