c
domain dnr_016
 symmetric
 normal plane nx 0  ny -1.0  nz 0.0
 front nodes    741    926   1111 linear verify
 function type b
 ignore crack face loading
 q-values      926    927    928    929    930    931    932    933,
               934    935    936    937    938    939    940    941,
               942    943    944    945    946    947    948    949,
               950    951    952    953    954    955    956    957,
               958    959    960    961    962    963    964    965,
               966    967    968    969    970    971    972    973,
               974    975    976    977    978    979    980    981,
               982    983    984    985    986    987    988    989,
               990    991    992    993    994    995    996    997,
               998    999   1000   1001   1002   1003   1004   1005,
              1006   1007   1008   1009   1010   1011   1012   1013,
              1014   1015   1016   1017   1018   1019   1020   1021,
              1022   1023   1024   1025   1026   1027   1028   1029,
              1030   1031   1032   1033   1034   1035   1036   1037,
              1038   1039   1040   1041   1042   1043   1044   1045,
              1046   1047   1048   1049   1050   1051   1052   1053,
              1054   1055   1056   1057   1058   1059   1060   1061,
              1062   1063   1064   1065   1066   1067   1068   1069,
              1070   1071   1072   1073   1074   1075   1076   1077,
              1078   1079   1080   1081   1082   1083   1084   1085,
              1086   1087   1088   1089   1090   1091   1092   1093,
              1094   1095   1096   1097   1098   1099   1100   1101,
              1102   1103   1104   1105   1106   1107   1108   1109,
              1110   6386   6387   6388   6389   6390   6391   6392,
              6393   6394   6395   6396   6397   6398   6399   6400,
              6401   6402   6403   6404   6405   6406   6407   6408,
              6409   6410   6411   6412   6413   6414   6415   6416,
              6417   6418   6419   6420   6421   6422   6423   6424,
              6425   6426   6427   6428   6429   6430   6431   6432,
              6433   6434   6435   6436   6437   6438   6439   6440,
              6441   6442   6443   6444   6445   6446   6447   6448,
              6449   6450   6451   6452   6453   6454   6455   6456,
              6457   6458   6459   6460   6461   6462   6463   6464,
              6465   6466   6467   6468   6469   6470   6471   6472,
              6473   6474   6475   6476   6477   6478   6479   6480,
              6481   6482   6483   6484   6485   6486   6487   6488,
              6489   6490   6491   6492   6493   6494   6495   6496,
              6497   6498   6499   6500   6501   6502   6503   6504,
              6505   6506   6507   6508   6509   6510   6511   6512,
              6513   6514   6515   6516   6517   6518   6519   6520,
              6521   6522   6523   6524   6525   6526   6527   6528,
              6529   6530   6531   6532   6533   6534   6535   6536,
              6537   6538 1.000
 elements      41   169    42   170    43   171    44   172    45   173,
               46   174    47   175    48   176    49   177    50   178,
               51   179    52   180    53   181    54   182    55   183,
               56   184    57   185    58   186    59   187    60   188,
              297   425   298   426   299   427   300   428   301   429,
              302   430   303   431   304   432   305   433   306   434,
              307   435   308   436   309   437   310   438   311   439,
              312   440   313   441   314   442   315   443   316   444,
             1187  1311  1188  1312  1189  1313  1190  1314  1191  1315,
             1192  1316  1193  1317  1194  1318  1195  1319  1196  1320,
             1197  1321  1198  1322  1199  1323  1200  1324  1201  1325,
             1202  1326  1203  1327  1204  1328  1205  1329  1206  1330,
             1207  1331  1208  1423  1424  1549  1209  1425  1550  1332,
             1426  1551  1210  1427  1552  1333  1428  1553  1211  1429,
             1554  1334  1430  1555  1212  1431  1556  1335  1432  1557,
             1213  1433  1558  1336  1434  1559  1214  1435  1560  1337,
             1436  1561  1215  1437  1562  1338  1438  1563  1216  1439,
             1564  1339  1440  1565  1217  1441  1566  1340  1442  1567,
             1218  1443  1568  1341  1444  1569  1219  1445  1699  1823,
             1700  1824  1701  1825  1702  1826  1703  1827  1704  1828,
             1705  1829  1706  1830  1707  1831  1708  1832  1709  1833,
             1710  1834  1711  1835  1712  1836  1713  1837  1714  1838,
             1715  1839  1716  1840  1717  1841  1718  1842  1719  1843,
             1720  1570  1933  2059  1721  1934  2060  1844  1935  2061,
             1722  1936  2062  1845  1937  2063  1723  1938  2064  1846,
             1939  2065  1724  1940  2066  1847  1941  2067  1725  1942,
             2068  1848  1943  2069  1726  1944  2070  1849  1945  2071,
             1727  1946  2072  1850  1947  2073  1728  1948  2074  1851,
             1949  2075  1729  1950  2076  1852  1951  2077  1730  1952,
             2078  1853  1953  2079  1731  1954  4779  4892  4780  4893,
             4781  4894  4782  4895  4783  4896  4784  4897  4785  4898,
             4786  4899  4787  4900  4788  4901  4789  4902  4790  4903,
             4791  4904  4792  4905  5008  5133  5009  5134  5010  5135,
             5011  5136  5012  5137  5013  5138  5014  5139  5015  5140,
             5016  5141  5017  5142  5018  5143  5019  5144  5020  5145,
             5021  5146  4793  4906  4794  4907  4795  4908  4796  4909,
             4797  4910  4798  4911  4799  4912  4800  4913  4801  4914,
             4802  4915  4803  4916  5365  4917  5366  4918  5367  4919,
             5022  5147  5023  5148  5024  5149  5025  5150  5026  5151,
             5027  5152  5028  5153  5029  5154  5030  5155  5031  5156,
             5032  5157  5033  5158  5034  5159  5035  5160  4920  5368,
             5484  5255  5369  5485  5370  4921  5256  5486  4555  4922,
             4556  5487  4557  4923  4558  5371  4559  5372  4560  5488,
             4561  5373  4562  5489  5607  4924  4563  5608  4564  5609,
             5374  5610  5375  5611  5732  5490  4677  5612  4678  5733,
             5734  5857  5735  5858  5736  5859  5737  5860  5985  5613,
             5861  5986  5862  5987  4572  4681  4573  4682  4574  4683,
             4575  4684  4576  4685  5262  4686  5263  4687  5264  4688,
             5265  4689  5266  4690  5267  4691  5268  4692  5269  4693,
             5270  4694  5271  5381  5272  5382  5273  5383  5274  5384,
             5275  5385  5494  5386  5495  5387  5496  5388  5497  5389,
             5498  5390  5499  5616  5500  5617  5501  5618  5502  5619,
             4695  5503  4696  5504  4697  5505  4698  5506  4699  5620,
             4700  5276  4701  5277  4702  5278  4703  5279  4704  5280,
             5738  5281  4804  5282  4805  5283  4806  5284  5285  5621,
             5739  5622  5740  5286  5623  5741  5391  5742  5392  5507,
             5393  5624  5394  5508  5625  5509  5626  5510  5627  5863,
             5628  5511  5629  5743  5864  5512  4807  5988  4808  4925,
             4809  4926  4810  5513  4811  4927  4812  5287  4813  4928,
             4814  5288  4815  4929  4816  4930  4817  4931  4818  4932,
             4819  4933  4820  5289  5047  5168  5048  5169  5049  5170,
             5050  5171  5051  5172  5052  5173  5053  5174  4934  5290,
             5989  5291  5990  5292  5991  5293  6113  5294  5395  5744,
             5396  6114
 print totals
 compute domain integral
c
domain dnr_017
 symmetric
 normal plane nx 0  ny -1.0  nz 0.0
 front nodes    741    926   1111 linear verify
 function type b
 ignore crack face loading
 q-values      926    927    928    929    930    931    932    933,
               934    935    936    937    938    939    940    941,
               942    943    944    945    946    947    948    949,
               950    951    952    953    954    955    956    957,
               958    959    960    961    962    963    964    965,
               966    967    968    969    970    971    972    973,
               974    975    976    977    978    979    980    981,
               982    983    984    985    986    987    988    989,
               990    991    992    993    994    995    996    997,
               998    999   1000   1001   1002   1003   1004   1005,
              1006   1007   1008   1009   1010   1011   1012   1013,
              1014   1015   1016   1017   1018   1019   1020   1021,
              1022   1023   1024   1025   1026   1027   1028   1029,
              1030   1031   1032   1033   1034   1035   1036   1037,
              1038   1039   1040   1041   1042   1043   1044   1045,
              1046   1047   1048   1049   1050   1051   1052   1053,
              1054   1055   1056   1057   1058   1059   1060   1061,
              1062   1063   1064   1065   1066   1067   1068   1069,
              1070   1071   1072   1073   1074   1075   1076   1077,
              1078   1079   1080   1081   1082   1083   1084   1085,
              1086   1087   1088   1089   1090   1091   1092   1093,
              1094   1095   1096   1097   1098   1099   1100   1101,
              1102   1103   1104   1105   1106   1107   1108   1109,
              1110   6386   6387   6388   6389   6390   6391   6392,
              6393   6394   6395   6396   6397   6398   6399   6400,
              6401   6402   6403   6404   6405   6406   6407   6408,
              6409   6410   6411   6412   6413   6414   6415   6416,
              6417   6418   6419   6420   6421   6422   6423   6424,
              6425   6426   6427   6428   6429   6430   6431   6432,
              6433   6434   6435   6436   6437   6438   6439   6440,
              6441   6442   6443   6444   6445   6446   6447   6448,
              6449   6450   6451   6452   6453   6454   6455   6456,
              6457   6458   6459   6460   6461   6462   6463   6464,
              6465   6466   6467   6468   6469   6470   6471   6472,
              6473   6474   6475   6476   6477   6478   6479   6480,
              6481   6482   6483   6484   6485   6486   6487   6488,
              6489   6490   6491   6492   6493   6494   6495   6496,
              6497   6498   6499   6500   6501   6502   6503   6504,
              6505   6506   6507   6508   6509   6510   6511   6512,
              6513   6514   6515   6516   6517   6518   6519   6520,
              6521   6522   6523   6524   6525   6526   6527   6528,
              6529   6530   6531   6532   6533   6534   6535   6536,
              6537   6538   6539   6540   6541   6542   6543   6544,
              6545   6546   6547   6548   6549   6550   6551   6552,
              6553 1.000
 elements      41   169    42   170    43   171    44   172    45   173,
               46   174    47   175    48   176    49   177    50   178,
               51   179    52   180    53   181    54   182    55   183,
               56   184    57   185    58   186    59   187    60   188,
              297   425   298   426   299   427   300   428   301   429,
              302   430   303   431   304   432   305   433   306   434,
              307   435   308   436   309   437   310   438   311   439,
              312   440   313   441   314   442   315   443   316   444,
             1187  1311  1188  1312  1189  1313  1190  1314  1191  1315,
             1192  1316  1193  1317  1194  1318  1195  1319  1196  1320,
             1197  1321  1198  1322  1199  1323  1200  1324  1201  1325,
             1202  1326  1203  1327  1204  1328  1205  1329  1206  1330,
             1207  1331  1208  1423  1424  1549  1209  1425  1550  1332,
             1426  1551  1210  1427  1552  1333  1428  1553  1211  1429,
             1554  1334  1430  1555  1212  1431  1556  1335  1432  1557,
             1213  1433  1558  1336  1434  1559  1214  1435  1560  1337,
             1436  1561  1215  1437  1562  1338  1438  1563  1216  1439,
             1564  1339  1440  1565  1217  1441  1566  1340  1442  1567,
             1218  1443  1568  1341  1444  1569  1219  1445  1699  1823,
             1700  1824  1701  1825  1702  1826  1703  1827  1704  1828,
             1705  1829  1706  1830  1707  1831  1708  1832  1709  1833,
             1710  1834  1711  1835  1712  1836  1713  1837  1714  1838,
             1715  1839  1716  1840  1717  1841  1718  1842  1719  1843,
             1720  1570  1933  2059  1721  1934  2060  1844  1935  2061,
             1722  1936  2062  1845  1937  2063  1723  1938  2064  1846,
             1939  2065  1724  1940  2066  1847  1941  2067  1725  1942,
             2068  1848  1943  2069  1726  1944  2070  1849  1945  2071,
             1727  1946  2072  1850  1947  2073  1728  1948  2074  1851,
             1949  2075  1729  1950  2076  1852  1951  2077  1730  1952,
             2078  1853  1953  2079  1731  1954  4779  4892  4780  4893,
             4781  4894  4782  4895  4783  4896  4784  4897  4785  4898,
             4786  4899  4787  4900  4788  4901  4789  4902  4790  4903,
             4791  4904  4792  4905  5008  5133  5009  5134  5010  5135,
             5011  5136  5012  5137  5013  5138  5014  5139  5015  5140,
             5016  5141  5017  5142  5018  5143  5019  5144  5020  5145,
             5021  5146  4793  4906  4794  4907  4795  4908  4796  4909,
             4797  4910  4798  4911  4799  4912  4800  4913  4801  4914,
             4802  4915  4803  4916  5365  4917  5366  4918  5367  4919,
             5022  5147  5023  5148  5024  5149  5025  5150  5026  5151,
             5027  5152  5028  5153  5029  5154  5030  5155  5031  5156,
             5032  5157  5033  5158  5034  5159  5035  5160  4920  5368,
             5484  5255  5369  5485  5370  4921  5256  5486  4555  4922,
             4556  5487  4557  4923  4558  5371  4559  5372  4560  5488,
             4561  5373  4562  5489  5607  4924  4563  5608  4564  5609,
             5374  5610  5375  5611  5732  5490  4677  5612  4678  5733,
             5734  5857  5735  5858  5736  5859  5737  5860  5985  5613,
             5861  5986  5862  5987  5036  5376  5037  5377  5038  5378,
             5039  5379  5040  5491  5041  5257  5042  5258  4572  4681,
             4573  4682  4574  4683  4575  4684  4576  4685  5262  4686,
             5263  4687  5264  4688  5265  4689  5266  4690  5267  4691,
             5268  4692  5269  4693  5270  4694  5271  5381  5272  5382,
             5273  5383  5274  5384  5275  5385  5494  5386  5495  5387,
             5496  5388  5497  5389  5498  5390  5499  5616  5500  5617,
             5501  5618  5502  5619  4695  5503  4696  5504  4697  5505,
             4698  5506  4699  5620  4700  5276  4701  5277  4702  5278,
             4703  5279  4704  5280  5738  5281  4804  5282  4805  5283,
             4806  5284  5285  5621  5739  5622  5740  5286  5623  5741,
             5391  5742  5392  5507  5393  5624  5394  5508  5625  5509,
             5626  5510  5627  5863  5628  5511  5629  5743  5864  5512,
             4807  5988  4808  4925  4809  4926  4810  5513  4811  4927,
             4812  5287  4813  4928  4814  5288  4815  4929  4816  4930,
             4817  4931  4818  4932  4819  4933  4820  5289  5047  5168,
             5048  5169  5049  5170  5050  5171  5051  5172  5052  5173,
             5053  5174  4934  5290  5989  5291  5990  5292  5991  5293,
             6113  5294  5395  5744  5396  6114  4821  5514  4822  4935,
             4823  4936  4824  4937  4825  4938  4826  4939  4827  4940
 print totals
 compute domain integral
c
domain dnr_018
 symmetric
 normal plane nx 0  ny -1.0  nz 0.0
 front nodes    741    926   1111 linear verify
 function type b
 ignore crack face loading
 q-values      926    927    928    929    930    931    932    933,
               934    935    936    937    938    939    940    941,
               942    943    944    945    946    947    948    949,
               950    951    952    953    954    955    956    957,
               958    959    960    961    962    963    964    965,
               966    967    968    969    970    971    972    973,
               974    975    976    977    978    979    980    981,
               982    983    984    985    986    987    988    989,
               990    991    992    993    994    995    996    997,
               998    999   1000   1001   1002   1003   1004   1005,
              1006   1007   1008   1009   1010   1011   1012   1013,
              1014   1015   1016   1017   1018   1019   1020   1021,
              1022   1023   1024   1025   1026   1027   1028   1029,
              1030   1031   1032   1033   1034   1035   1036   1037,
              1038   1039   1040   1041   1042   1043   1044   1045,
              1046   1047   1048   1049   1050   1051   1052   1053,
              1054   1055   1056   1057   1058   1059   1060   1061,
              1062   1063   1064   1065   1066   1067   1068   1069,
              1070   1071   1072   1073   1074   1075   1076   1077,
              1078   1079   1080   1081   1082   1083   1084   1085,
              1086   1087   1088   1089   1090   1091   1092   1093,
              1094   1095   1096   1097   1098   1099   1100   1101,
              1102   1103   1104   1105   1106   1107   1108   1109,
              1110   6386   6387   6388   6389   6390   6391   6392,
              6393   6394   6395   6396   6397   6398   6399   6400,
              6401   6402   6403   6404   6405   6406   6407   6408,
              6409   6410   6411   6412   6413   6414   6415   6416,
              6417   6418   6419   6420   6421   6422   6423   6424,
              6425   6426   6427   6428   6429   6430   6431   6432,
              6433   6434   6435   6436   6437   6438   6439   6440,
              6441   6442   6443   6444   6445   6446   6447   6448,
              6449   6450   6451   6452   6453   6454   6455   6456,
              6457   6458   6459   6460   6461   6462   6463   6464,
              6465   6466   6467   6468   6469   6470   6471   6472,
              6473   6474   6475   6476   6477   6478   6479   6480,
              6481   6482   6483   6484   6485   6486   6487   6488,
              6489   6490   6491   6492   6493   6494   6495   6496,
              6497   6498   6499   6500   6501   6502   6503   6504,
              6505   6506   6507   6508   6509   6510   6511   6512,
              6513   6514   6515   6516   6517   6518   6519   6520,
              6521   6522   6523   6524   6525   6526   6527   6528,
              6529   6530   6531   6532   6533   6534   6535   6536,
              6537   6538   6539   6540   6541   6542   6543   6544,
              6545   6546   6547   6548   6549   6550   6551   6552,
              6553   6554   6555   6556   6557   6558   6559   6560,
              6561   6562   6563   6564   6565   6566   6567   6568 1.000
 elements      41   169    42   170    43   171    44   172    45   173,
               46   174    47   175    48   176    49   177    50   178,
               51   179    52   180    53   181    54   182    55   183,
               56   184    57   185    58   186    59   187    60   188,
              297   425   298   426   299   427   300   428   301   429,
              302   430   303   431   304   432   305   433   306   434,
              307   435   308   436   309   437   310   438   311   439,
              312   440   313   441   314   442   315   443   316   444,
             1187  1311  1188  1312  1189  1313  1190  1314  1191  1315,
             1192  1316  1193  1317  1194  1318  1195  1319  1196  1320,
             1197  1321  1198  1322  1199  1323  1200  1324  1201  1325,
             1202  1326  1203  1327  1204  1328  1205  1329  1206  1330,
             1207  1331  1208  1423  1424  1549  1209  1425  1550  1332,
             1426  1551  1210  1427  1552  1333  1428  1553  1211  1429,
             1554  1334  1430  1555  1212  1431  1556  1335  1432  1557,
             1213  1433  1558  1336  1434  1559  1214  1435  1560  1337,
             1436  1561  1215  1437  1562  1338  1438  1563  1216  1439,
             1564  1339  1440  1565  1217  1441  1566  1340  1442  1567,
             1218  1443  1568  1341  1444  1569  1219  1445  1699  1823,
             1700  1824  1701  1825  1702  1826  1703  1827  1704  1828,
             1705  1829  1706  1830  1707  1831  1708  1832  1709  1833,
             1710  1834  1711  1835  1712  1836  1713  1837  1714  1838,
             1715  1839  1716  1840  1717  1841  1718  1842  1719  1843,
             1720  1570  1933  2059  1721  1934  2060  1844  1935  2061,
             1722  1936  2062  1845  1937  2063  1723  1938  2064  1846,
             1939  2065  1724  1940  2066  1847  1941  2067  1725  1942,
             2068  1848  1943  2069  1726  1944  2070  1849  1945  2071,
             1727  1946  2072  1850  1947  2073  1728  1948  2074  1851,
             1949  2075  1729  1950  2076  1852  1951  2077  1730  1952,
             2078  1853  1953  2079  1731  1954  4779  4892  4780  4893,
             4781  4894  4782  4895  4783  4896  4784  4897  4785  4898,
             4786  4899  4787  4900  4788  4901  4789  4902  4790  4903,
             4791  4904  4792  4905  5008  5133  5009  5134  5010  5135,
             5011  5136  5012  5137  5013  5138  5014  5139  5015  5140,
             5016  5141  5017  5142  5018  5143  5019  5144  5020  5145,
             5021  5146  4793  4906  4794  4907  4795  4908  4796  4909,
             4797  4910  4798  4911  4799  4912  4800  4913  4801  4914,
             4802  4915  4803  4916  5365  4917  5366  4918  5367  4919,
             5022  5147  5023  5148  5024  5149  5025  5150  5026  5151,
             5027  5152  5028  5153  5029  5154  5030  5155  5031  5156,
             5032  5157  5033  5158  5034  5159  5035  5160  4920  5368,
             5484  5255  5369  5485  5370  4921  5256  5486  4555  4922,
             4556  5487  4557  4923  4558  5371  4559  5372  4560  5488,
             4561  5373  4562  5489  5607  4924  4563  5608  4564  5609,
             5374  5610  5375  5611  5732  5490  4677  5612  4678  5733,
             5734  5857  5735  5858  5736  5859  5737  5860  5985  5613,
             5861  5986  5862  5987  5036  5376  5037  5377  5038  5378,
             5039  5379  5040  5491  5041  5257  5042  5258  5161  5259,
             5162  5260  5163  5492  5164  5493  5165  5261  5166  5614,
             5167  5615  4572  4681  4573  4682  4574  4683  4575  4684,
             4576  4685  5262  4686  5263  4687  5264  4688  5265  4689,
             5266  4690  5267  4691  5268  4692  5269  4693  5270  4694,
             5271  5381  5272  5382  5273  5383  5274  5384  5275  5385,
             5494  5386  5495  5387  5496  5388  5497  5389  5498  5390,
             5499  5616  5500  5617  5501  5618  5502  5619  4695  5503,
             4696  5504  4697  5505  4698  5506  4699  5620  4700  5276,
             4701  5277  4702  5278  4703  5279  4704  5280  5738  5281,
             4804  5282  4805  5283  4806  5284  5285  5621  5739  5622,
             5740  5286  5623  5741  5391  5742  5392  5507  5393  5624,
             5394  5508  5625  5509  5626  5510  5627  5863  5628  5511,
             5629  5743  5864  5512  4807  5988  4808  4925  4809  4926,
             4810  5513  4811  4927  4812  5287  4813  4928  4814  5288,
             4815  4929  4816  4930  4817  4931  4818  4932  4819  4933,
             4820  5289  5047  5168  5048  5169  5049  5170  5050  5171,
             5051  5172  5052  5173  5053  5174  4934  5290  5989  5291,
             5990  5292  5991  5293  6113  5294  5395  5744  5396  6114,
             4821  5514  4822  4935  4823  4936  4824  4937  4825  4938,
             4826  4939  4827  4940  4941  5630  5745  5515  5631  5295,
             5632  5296  5633  5397  5746  5398  5516  5399
 print totals
 compute domain integral
