c
domain dnr_031
 symmetric
 normal plane nx 0  ny -1.0  nz 0.0
 front nodes   1666   1851   2036 linear verify
 function type b
 ignore crack face loading
 q-values     1851   1852   1853   1854   1855   1856   1857   1858,
              1859   1860   1861   1862   1863   1864   1865   1866,
              1867   1868   1869   1870   1871   1872   1873   1874,
              1875   1876   1877   1878   1879   1880   1881   1882,
              1883   1884   1885   1886   1887   1888   1889   1890,
              1891   1892   1893   1894   1895   1896   1897   1898,
              1899   1900   1901   1902   1903   1904   1905   1906,
              1907   1908   1909   1910   1911   1912   1913   1914,
              1915   1916   1917   1918   1919   1920   1921   1922,
              1923   1924   1925   1926   1927   1928   1929   1930,
              1931   1932   1933   1934   1935   1936   1937   1938,
              1939   1940   1941   1942   1943   1944   1945   1946,
              1947   1948   1949   1950   1951   1952   1953   1954,
              1955   1956   1957   1958   1959   1960   1961   1962,
              1963   1964   1965   1966   1967   1968   1969   1970,
              1971   1972   1973   1974   1975   1976   1977   1978,
              1979   1980   1981   1982   1983   1984   1985   1986,
              1987   1988   1989   1990   1991   1992   1993   1994,
              1995   1996   1997   1998   1999   2000   2001   2002,
              2003   2004   2005   2006   2007   2008   2009   2010,
              2011   2012   2013   2014   2015   2016   2017   2018,
              2019   2020   2021   2022   2023   2024   2025   2026,
              2027   2028   2029   2030   2031   2032   2033   2034,
              2035   7391   7392   7393   7394   7395   7396   7397,
              7398   7399   7400   7401   7402   7403   7404   7405,
              7406   7407   7408   7409   7410   7411   7412   7413,
              7414   7415   7416   7417   7418   7419   7420   7421,
              7422   7423   7424   7425   7426   7427   7428   7429,
              7430   7431   7432   7433   7434   7435   7436   7437,
              7438   7439   7440   7441   7442   7443   7444   7445,
              7446   7447   7448   7449   7450   7451   7452   7453,
              7454   7455   7456   7457   7458   7459   7460   7461,
              7462   7463   7464   7465   7466   7467   7468   7469,
              7470   7471   7472   7473   7474   7475   7476   7477,
              7478   7479   7480   7481   7482   7483   7484   7485,
              7486   7487   7488   7489   7490   7491   7492   7493,
              7494   7495   7496   7497   7498   7499   7500   7501,
              7502   7503   7504   7505   7506   7507   7508   7509,
              7510   7511   7512   7513   7514   7515   7516   7517,
              7518   7519   7520   7521   7522   7523   7524   7525,
              7526   7527   7528   7529   7530   7531   7532   7533,
              7534   7535   7536   7537   7538   7539   7540   7541,
              7542   7543 1.000
 elements     337   465   338   466   339   467   340   468   341   469,
              342   470   343   471   344   472   345   473   346   474,
              347   475   348   476   349   477   350   478   351   479,
              352   480   353   481   354   482   355   483   356   484,
              101   229   102   230   103   231   104   232   105   233,
              106   234   107   235   108   236   109   237   110   238,
              111   239   112   240   113   241   114   242   115   243,
              116   244   117   245   118   246   119   247   120   248,
             1885  1978  1886  1979  1887  1980  1888  1981  2101  1982,
             2102  1983  2103  1984  2104  1985  2105  1986  2106  1987,
             2107  1988  2108  1989  2109  1990  2110  1991  2111  1992,
             2112  1993  2113  1994  2114  1995  2115  1996  2116  1997,
             2117  2288  2118  1623  2119  2409  1998  2120  2410  2530,
             2121  2411  1999  2122  2531  2657  2785  2532  2000  2412,
             2533  2123  2413  2534  2001  2414  2535  2124  2415  2536,
             2002  2416  2537  2125  2417  2538  2003  2418  2539  2126,
             2419  2540  2004  2420  2541  2127  2289  2542  2005  2290,
             2543  2128  2291  2544  2006  2292  2545  2129  2293  2546,
             2007  2294  2547  2130  2658  2008  2295  2421  1501  1624,
             1502  1625  1503  1626  1504  1627  2170  1628  2171  1629,
             2172  1630  2173  1631  2174  1632  2175  2296  2176  2297,
             2177  2298  2178  2299  2179  2659  2180  2422  2181  2423,
             2182  2424  2183  2425  2184  2426  2185  2427  2186  2548,
             2187  2009  2188  2300  2660  2189  2301  2786  2190  2302,
             2913  2191  2303  3041  2428  2304  2192  2661  2305  2787,
             2662  2306  2193  2663  2307  2788  2664  2308  2194  2665,
             2789  2914  2666  2790  2195  2667  2791  2309  2668  2792,
             2196  2915  2793  2669  2916  2670  2197  2794  2671  2429,
             2795  2672  2198  2796  2673  2430  2797  2674  2199  2798,
             2917  2431  2799  2918  2200  2675  5577  5689  5578  5690,
             5579  5691  5580  5692  5581  5693  5582  6040  5583  5926,
             5584  5927  5585  5928  5586  5694  5587  5695  5588  5696,
             5589  5697  5590  5698  6391  6510  6392  6271  6393  6511,
             6394  6512  6630  6513  6631  6514  6632  6395  6515  6041,
             6396  6633  5806  6154  5807  6272  6397  5929  6273  5808,
             6398  5930  5699  5809  5591  5700  6634  5701  5810  5592,
             5811  6755  6042  5593  5702  6756  5703  5594  5704  5595,
             5705  5596  5706  5597  5707  5598  5708  5599  6043  5600,
             6044  6516  6045  6274  6046  6517  6047  6635  6048  6155,
             6275  6156  6518  6157  6049  6158  6399  6159  5931  6160,
             5932  6276  5812  6161  5813  5933  6162  5934  5709  6277,
             6636  5935  6637  6278  6757  5814  6279  6400  6050  6401,
             6280  6402  6519  6638  6520  6639  6403  6051  6404  6521,
             6640  6281  6405  6282  6406  6052  6053  6407  6054  6408,
             6641  6522  6055  6163  6758  5815  6881  7009  6164  6523,
             6524  6759  6525  6882  6283  6760  6642  6883  6526  7010,
             6409  6284  6643  6884  5820  5941  5821  5942  5822  5943,
             5823  5944  5824  5945  5825  5715  5826  5716  5827  5717,
             5828  5718  6059  5946  6060  5947  5829  6061  6169  5948,
             6062  5830  6063  6170  6064  6171  6065  6172  6066  6173,
             6067  6174  6289  5949  6175  6068  6176  6290  6177  6291,
             6410  6292  6411  6178  6527  6646  6412  6528  6179  6293,
             5950  6294  5951  5831  5952  6295  5953  5719  5954  5720,
             5832  6413  5833  5955  5834  5956  5835  6069  6529  6070,
             6530  6071  6761  6072  6762  6647  5721  5836  6180  6414,
             6181  6415  6182  6416  6183  6417  6531  6648  5957  6649,
             6073  6650  6296  6763  6297  6764  5837  6298  5838  6184,
             5958  6532  6886  6533  6765  6299  5839  5959  5722  5840,
             5723  5841  5724  5960  5725  5842  5726  5843  5727  5844,
             5728  5845  5961  6074  6887  6534  6651  6075  6766  6076,
             6652  6077  5846  6653  6185  6888  6186  7011  6187  5962,
             7012  6300  7137  5963  6188  5847  5964  6767  5848  7013,
             6654  7138  7265  6889  7139  5965  7266  6301  7140  7267,
             7141  7014
 print totals
 compute domain integral
c
domain dnr_032
 symmetric
 normal plane nx 0  ny -1.0  nz 0.0
 front nodes   1666   1851   2036 linear verify
 function type b
 ignore crack face loading
 q-values     1851   1852   1853   1854   1855   1856   1857   1858,
              1859   1860   1861   1862   1863   1864   1865   1866,
              1867   1868   1869   1870   1871   1872   1873   1874,
              1875   1876   1877   1878   1879   1880   1881   1882,
              1883   1884   1885   1886   1887   1888   1889   1890,
              1891   1892   1893   1894   1895   1896   1897   1898,
              1899   1900   1901   1902   1903   1904   1905   1906,
              1907   1908   1909   1910   1911   1912   1913   1914,
              1915   1916   1917   1918   1919   1920   1921   1922,
              1923   1924   1925   1926   1927   1928   1929   1930,
              1931   1932   1933   1934   1935   1936   1937   1938,
              1939   1940   1941   1942   1943   1944   1945   1946,
              1947   1948   1949   1950   1951   1952   1953   1954,
              1955   1956   1957   1958   1959   1960   1961   1962,
              1963   1964   1965   1966   1967   1968   1969   1970,
              1971   1972   1973   1974   1975   1976   1977   1978,
              1979   1980   1981   1982   1983   1984   1985   1986,
              1987   1988   1989   1990   1991   1992   1993   1994,
              1995   1996   1997   1998   1999   2000   2001   2002,
              2003   2004   2005   2006   2007   2008   2009   2010,
              2011   2012   2013   2014   2015   2016   2017   2018,
              2019   2020   2021   2022   2023   2024   2025   2026,
              2027   2028   2029   2030   2031   2032   2033   2034,
              2035   7391   7392   7393   7394   7395   7396   7397,
              7398   7399   7400   7401   7402   7403   7404   7405,
              7406   7407   7408   7409   7410   7411   7412   7413,
              7414   7415   7416   7417   7418   7419   7420   7421,
              7422   7423   7424   7425   7426   7427   7428   7429,
              7430   7431   7432   7433   7434   7435   7436   7437,
              7438   7439   7440   7441   7442   7443   7444   7445,
              7446   7447   7448   7449   7450   7451   7452   7453,
              7454   7455   7456   7457   7458   7459   7460   7461,
              7462   7463   7464   7465   7466   7467   7468   7469,
              7470   7471   7472   7473   7474   7475   7476   7477,
              7478   7479   7480   7481   7482   7483   7484   7485,
              7486   7487   7488   7489   7490   7491   7492   7493,
              7494   7495   7496   7497   7498   7499   7500   7501,
              7502   7503   7504   7505   7506   7507   7508   7509,
              7510   7511   7512   7513   7514   7515   7516   7517,
              7518   7519   7520   7521   7522   7523   7524   7525,
              7526   7527   7528   7529   7530   7531   7532   7533,
              7534   7535   7536   7537   7538   7539   7540   7541,
              7542   7543   7544   7545   7546   7547   7548   7549,
              7550   7551   7552   7553   7554   7555   7556   7557,
              7558 1.000
 elements     337   465   338   466   339   467   340   468   341   469,
              342   470   343   471   344   472   345   473   346   474,
              347   475   348   476   349   477   350   478   351   479,
              352   480   353   481   354   482   355   483   356   484,
              101   229   102   230   103   231   104   232   105   233,
              106   234   107   235   108   236   109   237   110   238,
              111   239   112   240   113   241   114   242   115   243,
              116   244   117   245   118   246   119   247   120   248,
             1885  1978  1886  1979  1887  1980  1888  1981  2101  1982,
             2102  1983  2103  1984  2104  1985  2105  1986  2106  1987,
             2107  1988  2108  1989  2109  1990  2110  1991  2111  1992,
             2112  1993  2113  1994  2114  1995  2115  1996  2116  1997,
             2117  2288  2118  1623  2119  2409  1998  2120  2410  2530,
             2121  2411  1999  2122  2531  2657  2785  2532  2000  2412,
             2533  2123  2413  2534  2001  2414  2535  2124  2415  2536,
             2002  2416  2537  2125  2417  2538  2003  2418  2539  2126,
             2419  2540  2004  2420  2541  2127  2289  2542  2005  2290,
             2543  2128  2291  2544  2006  2292  2545  2129  2293  2546,
             2007  2294  2547  2130  2658  2008  2295  2421  1501  1624,
             1502  1625  1503  1626  1504  1627  2170  1628  2171  1629,
             2172  1630  2173  1631  2174  1632  2175  2296  2176  2297,
             2177  2298  2178  2299  2179  2659  2180  2422  2181  2423,
             2182  2424  2183  2425  2184  2426  2185  2427  2186  2548,
             2187  2009  2188  2300  2660  2189  2301  2786  2190  2302,
             2913  2191  2303  3041  2428  2304  2192  2661  2305  2787,
             2662  2306  2193  2663  2307  2788  2664  2308  2194  2665,
             2789  2914  2666  2790  2195  2667  2791  2309  2668  2792,
             2196  2915  2793  2669  2916  2670  2197  2794  2671  2429,
             2795  2672  2198  2796  2673  2430  2797  2674  2199  2798,
             2917  2431  2799  2918  2200  2675  5577  5689  5578  5690,
             5579  5691  5580  5692  5581  5693  5582  6040  5583  5926,
             5584  5927  5585  5928  5586  5694  5587  5695  5588  5696,
             5589  5697  5590  5698  6391  6510  6392  6271  6393  6511,
             6394  6512  6630  6513  6631  6514  6632  6395  6515  6041,
             6396  6633  5806  6154  5807  6272  6397  5929  6273  5808,
             6398  5930  5699  5809  5591  5700  6634  5701  5810  5592,
             5811  6755  6042  5593  5702  6756  5703  5594  5704  5595,
             5705  5596  5706  5597  5707  5598  5708  5599  6043  5600,
             6044  6516  6045  6274  6046  6517  6047  6635  6048  6155,
             6275  6156  6518  6157  6049  6158  6399  6159  5931  6160,
             5932  6276  5812  6161  5813  5933  6162  5934  5709  6277,
             6636  5935  6637  6278  6757  5814  6279  6400  6050  6401,
             6280  6402  6519  6638  6520  6639  6403  6051  6404  6521,
             6640  6281  6405  6282  6406  6052  6053  6407  6054  6408,
             6641  6522  6055  6163  6758  5815  6881  7009  6164  6523,
             6524  6759  6525  6882  6283  6760  6642  6883  6526  7010,
             6409  6284  6643  6884  5710  6285  5711  5936  5712  6056,
             5713  5816  5714  5817  6057  6885  6165  6286  5820  5941,
             5821  5942  5822  5943  5823  5944  5824  5945  5825  5715,
             5826  5716  5827  5717  5828  5718  6059  5946  6060  5947,
             5829  6061  6169  5948  6062  5830  6063  6170  6064  6171,
             6065  6172  6066  6173  6067  6174  6289  5949  6175  6068,
             6176  6290  6177  6291  6410  6292  6411  6178  6527  6646,
             6412  6528  6179  6293  5950  6294  5951  5831  5952  6295,
             5953  5719  5954  5720  5832  6413  5833  5955  5834  5956,
             5835  6069  6529  6070  6530  6071  6761  6072  6762  6647,
             5721  5836  6180  6414  6181  6415  6182  6416  6183  6417,
             6531  6648  5957  6649  6073  6650  6296  6763  6297  6764,
             5837  6298  5838  6184  5958  6532  6886  6533  6765  6299,
             5839  5959  5722  5840  5723  5841  5724  5960  5725  5842,
             5726  5843  5727  5844  5728  5845  5961  6074  6887  6534,
             6651  6075  6766  6076  6652  6077  5846  6653  6185  6888,
             6186  7011  6187  5962  7012  6300  7137  5963  6188  5847,
             5964  6767  5848  7013  6654  7138  7265  6889  7139  5965,
             7266  6301  7140  7267  7141  7014  5966  6078  5849  6079,
             6418  6535  6302  6080  6419  6189  6536  5850  6420  5851
 print totals
 compute domain integral
c
domain dnr_033
 symmetric
 normal plane nx 0  ny -1.0  nz 0.0
 front nodes   1666   1851   2036 linear verify
 function type b
 ignore crack face loading
 q-values     1851   1852   1853   1854   1855   1856   1857   1858,
              1859   1860   1861   1862   1863   1864   1865   1866,
              1867   1868   1869   1870   1871   1872   1873   1874,
              1875   1876   1877   1878   1879   1880   1881   1882,
              1883   1884   1885   1886   1887   1888   1889   1890,
              1891   1892   1893   1894   1895   1896   1897   1898,
              1899   1900   1901   1902   1903   1904   1905   1906,
              1907   1908   1909   1910   1911   1912   1913   1914,
              1915   1916   1917   1918   1919   1920   1921   1922,
              1923   1924   1925   1926   1927   1928   1929   1930,
              1931   1932   1933   1934   1935   1936   1937   1938,
              1939   1940   1941   1942   1943   1944   1945   1946,
              1947   1948   1949   1950   1951   1952   1953   1954,
              1955   1956   1957   1958   1959   1960   1961   1962,
              1963   1964   1965   1966   1967   1968   1969   1970,
              1971   1972   1973   1974   1975   1976   1977   1978,
              1979   1980   1981   1982   1983   1984   1985   1986,
              1987   1988   1989   1990   1991   1992   1993   1994,
              1995   1996   1997   1998   1999   2000   2001   2002,
              2003   2004   2005   2006   2007   2008   2009   2010,
              2011   2012   2013   2014   2015   2016   2017   2018,
              2019   2020   2021   2022   2023   2024   2025   2026,
              2027   2028   2029   2030   2031   2032   2033   2034,
              2035   7391   7392   7393   7394   7395   7396   7397,
              7398   7399   7400   7401   7402   7403   7404   7405,
              7406   7407   7408   7409   7410   7411   7412   7413,
              7414   7415   7416   7417   7418   7419   7420   7421,
              7422   7423   7424   7425   7426   7427   7428   7429,
              7430   7431   7432   7433   7434   7435   7436   7437,
              7438   7439   7440   7441   7442   7443   7444   7445,
              7446   7447   7448   7449   7450   7451   7452   7453,
              7454   7455   7456   7457   7458   7459   7460   7461,
              7462   7463   7464   7465   7466   7467   7468   7469,
              7470   7471   7472   7473   7474   7475   7476   7477,
              7478   7479   7480   7481   7482   7483   7484   7485,
              7486   7487   7488   7489   7490   7491   7492   7493,
              7494   7495   7496   7497   7498   7499   7500   7501,
              7502   7503   7504   7505   7506   7507   7508   7509,
              7510   7511   7512   7513   7514   7515   7516   7517,
              7518   7519   7520   7521   7522   7523   7524   7525,
              7526   7527   7528   7529   7530   7531   7532   7533,
              7534   7535   7536   7537   7538   7539   7540   7541,
              7542   7543   7544   7545   7546   7547   7548   7549,
              7550   7551   7552   7553   7554   7555   7556   7557,
              7558   7559   7560   7561   7562   7563   7564   7565,
              7566   7567   7568   7569   7570   7571   7572   7573 1.000
 elements     337   465   338   466   339   467   340   468   341   469,
              342   470   343   471   344   472   345   473   346   474,
              347   475   348   476   349   477   350   478   351   479,
              352   480   353   481   354   482   355   483   356   484,
              101   229   102   230   103   231   104   232   105   233,
              106   234   107   235   108   236   109   237   110   238,
              111   239   112   240   113   241   114   242   115   243,
              116   244   117   245   118   246   119   247   120   248,
             1885  1978  1886  1979  1887  1980  1888  1981  2101  1982,
             2102  1983  2103  1984  2104  1985  2105  1986  2106  1987,
             2107  1988  2108  1989  2109  1990  2110  1991  2111  1992,
             2112  1993  2113  1994  2114  1995  2115  1996  2116  1997,
             2117  2288  2118  1623  2119  2409  1998  2120  2410  2530,
             2121  2411  1999  2122  2531  2657  2785  2532  2000  2412,
             2533  2123  2413  2534  2001  2414  2535  2124  2415  2536,
             2002  2416  2537  2125  2417  2538  2003  2418  2539  2126,
             2419  2540  2004  2420  2541  2127  2289  2542  2005  2290,
             2543  2128  2291  2544  2006  2292  2545  2129  2293  2546,
             2007  2294  2547  2130  2658  2008  2295  2421  1501  1624,
             1502  1625  1503  1626  1504  1627  2170  1628  2171  1629,
             2172  1630  2173  1631  2174  1632  2175  2296  2176  2297,
             2177  2298  2178  2299  2179  2659  2180  2422  2181  2423,
             2182  2424  2183  2425  2184  2426  2185  2427  2186  2548,
             2187  2009  2188  2300  2660  2189  2301  2786  2190  2302,
             2913  2191  2303  3041  2428  2304  2192  2661  2305  2787,
             2662  2306  2193  2663  2307  2788  2664  2308  2194  2665,
             2789  2914  2666  2790  2195  2667  2791  2309  2668  2792,
             2196  2915  2793  2669  2916  2670  2197  2794  2671  2429,
             2795  2672  2198  2796  2673  2430  2797  2674  2199  2798,
             2917  2431  2799  2918  2200  2675  5577  5689  5578  5690,
             5579  5691  5580  5692  5581  5693  5582  6040  5583  5926,
             5584  5927  5585  5928  5586  5694  5587  5695  5588  5696,
             5589  5697  5590  5698  6391  6510  6392  6271  6393  6511,
             6394  6512  6630  6513  6631  6514  6632  6395  6515  6041,
             6396  6633  5806  6154  5807  6272  6397  5929  6273  5808,
             6398  5930  5699  5809  5591  5700  6634  5701  5810  5592,
             5811  6755  6042  5593  5702  6756  5703  5594  5704  5595,
             5705  5596  5706  5597  5707  5598  5708  5599  6043  5600,
             6044  6516  6045  6274  6046  6517  6047  6635  6048  6155,
             6275  6156  6518  6157  6049  6158  6399  6159  5931  6160,
             5932  6276  5812  6161  5813  5933  6162  5934  5709  6277,
             6636  5935  6637  6278  6757  5814  6279  6400  6050  6401,
             6280  6402  6519  6638  6520  6639  6403  6051  6404  6521,
             6640  6281  6405  6282  6406  6052  6053  6407  6054  6408,
             6641  6522  6055  6163  6758  5815  6881  7009  6164  6523,
             6524  6759  6525  6882  6283  6760  6642  6883  6526  7010,
             6409  6284  6643  6884  5710  6285  5711  5936  5712  6056,
             5713  5816  5714  5817  6057  6885  6165  6286  5818  6644,
             6166  6287  6167  5819  5937  6168  5938  6645  5939  6288,
             5940  6058  5820  5941  5821  5942  5822  5943  5823  5944,
             5824  5945  5825  5715  5826  5716  5827  5717  5828  5718,
             6059  5946  6060  5947  5829  6061  6169  5948  6062  5830,
             6063  6170  6064  6171  6065  6172  6066  6173  6067  6174,
             6289  5949  6175  6068  6176  6290  6177  6291  6410  6292,
             6411  6178  6527  6646  6412  6528  6179  6293  5950  6294,
             5951  5831  5952  6295  5953  5719  5954  5720  5832  6413,
             5833  5955  5834  5956  5835  6069  6529  6070  6530  6071,
             6761  6072  6762  6647  5721  5836  6180  6414  6181  6415,
             6182  6416  6183  6417  6531  6648  5957  6649  6073  6650,
             6296  6763  6297  6764  5837  6298  5838  6184  5958  6532,
             6886  6533  6765  6299  5839  5959  5722  5840  5723  5841,
             5724  5960  5725  5842  5726  5843  5727  5844  5728  5845,
             5961  6074  6887  6534  6651  6075  6766  6076  6652  6077,
             5846  6653  6185  6888  6186  7011  6187  5962  7012  6300,
             7137  5963  6188  5847  5964  6767  5848  7013  6654  7138,
             7265  6889  7139  5965  7266  6301  7140  7267  7141  7014,
             5966  6078  5849  6079  6418  6535  6302  6080  6419  6189,
             6536  5850  6420  5851  6190  6421  6537  6655  6768  6656,
             6422  6538  6303  6769  6423  6657  6539  6658
 print totals
 compute domain integral
