c
domain dnr_013
 symmetric
 normal plane nx 0  ny -1.0  nz 0.0
 front nodes    556    741    926 linear verify
 function type b
 ignore crack face loading
 q-values      741    742    743    744    745    746    747    748,
               749    750    751    752    753    754    755    756,
               757    758    759    760    761    762    763    764,
               765    766    767    768    769    770    771    772,
               773    774    775    776    777    778    779    780,
               781    782    783    784    785    786    787    788,
               789    790    791    792    793    794    795    796,
               797    798    799    800    801    802    803    804,
               805    806    807    808    809    810    811    812,
               813    814    815    816    817    818    819    820,
               821    822    823    824    825    826    827    828,
               829    830    831    832    833    834    835    836,
               837    838    839    840    841    842    843    844,
               845    846    847    848    849    850    851    852,
               853    854    855    856    857    858    859    860,
               861    862    863    864    865    866    867    868,
               869    870    871    872    873    874    875    876,
               877    878    879    880    881    882    883    884,
               885    886    887    888    889    890    891    892,
               893    894    895    896    897    898    899    900,
               901    902    903    904    905    906    907    908,
               909    910    911    912    913    914    915    916,
               917    918    919    920    921    922    923    924,
               925   6173   6174   6175   6176   6177   6178   6179,
              6180   6181   6182   6183   6184   6185   6186   6187,
              6188   6189   6190   6191   6192   6193   6194   6195,
              6196   6197   6198   6199   6200   6201   6202   6203,
              6204   6205   6206   6207   6208   6209   6210   6211,
              6212   6213   6214   6215   6216   6217   6218   6219,
              6220   6221   6222   6223   6224   6225   6226   6227,
              6228   6229   6230   6231   6232   6233   6234   6235,
              6236   6237   6238   6239   6240   6241   6242   6243,
              6244   6245   6246   6247   6248   6249   6250   6251,
              6252   6253   6254   6255   6256   6257   6258   6259,
              6260   6261   6262   6263   6264   6265   6266   6267,
              6268   6269   6270   6271   6272   6273   6274   6275,
              6276   6277   6278   6279   6280   6281   6282   6283,
              6284   6285   6286   6287   6288   6289   6290   6291,
              6292   6293   6294   6295   6296   6297   6298   6299,
              6300   6301   6302   6303   6304   6305   6306   6307,
              6308   6309   6310   6311   6312   6313   6314   6315,
              6316   6317   6318   6319   6320   6321   6322   6323,
              6324   6325 1.000
 elements     277   405   278   406   279   407   280   408   281   409,
              282   410   283   411   284   412   285   413   286   414,
              287   415   288   416   289   417   290   418   291   419,
              292   420   293   421   294   422   295   423   296   424,
               41   169    42   170    43   171    44   172    45   173,
               46   174    47   175    48   176    49   177    50   178,
               51   179    52   180    53   181    54   182    55   183,
               56   184    57   185    58   186    59   187    60   188,
             1666  1792  1667  1793  1668  1794  1669  1795  1670  1796,
             1671  1797  1672  1798  1673  1799  1674  1800  1675  1801,
             1676  1802  1677  1803  1678  1804  1679  1805  1680  1806,
             1681  1807  1682  1808  1683  1809  1684  1810  1685  1811,
             1686  1812  1687  1548  1911  2038  1688  1912  2039  1813,
             1913  2040  1689  1914  2041  1814  1915  2042  1690  1916,
             2043  1815  1917  2044  1691  1918  2045  1816  1919  2046,
             1692  1920  2047  1817  1921  2048  1693  1922  2049  1818,
             1923  2050  1694  1924  2051  1819  1925  2052  1695  1926,
             2053  1820  1927  2054  1696  1928  2055  1821  1929  2056,
             1697  1930  2057  1822  1931  2058  1698  1932  1187  1311,
             1188  1312  1189  1313  1190  1314  1191  1315  1192  1316,
             1193  1317  1194  1318  1195  1319  1196  1320  1197  1321,
             1198  1322  1199  1323  1200  1324  1201  1325  1202  1326,
             1203  1327  1204  1328  1205  1329  1206  1330  1207  1331,
             1208  1423  1424  1549  1209  1425  1550  1332  1426  1551,
             1210  1427  1552  1333  1428  1553  1211  1429  1554  1334,
             1430  1555  1212  1431  1556  1335  1432  1557  1213  1433,
             1558  1336  1434  1559  1214  1435  1560  1337  1436  1561,
             1215  1437  1562  1338  1438  1563  1216  1439  1564  1339,
             1440  1565  1217  1441  1566  1340  1442  1567  1218  1443,
             1568  1341  1444  1569  1219  1445  4316  4418  4317  4419,
             4318  4420  4319  4421  4320  4422  4519  4423  4520  4424,
             4521  4425  4522  4426  4523  4427  4524  4428  4525  4429,
             4526  4430  4527  4431  4528  4632  4529  4633  4530  4634,
             4531  4635  4532  4636  5351  4637  5352  4638  5233  4639,
             5234  4640  5235  4641  5236  4642  5237  4643  5238  4644,
             5239  4645  4432  5353  4433  5354  4434  5355  4435  5356,
             4436  5480  4437  4533  4438  4534  4439  4535  4440  4536,
             4441  4537  4442  4538  4443  4539  4444  4540  4445  4541,
             4542  4646  4543  4647  4544  4648  4545  4649  4546  4650,
             5357  4651  5358  4652  5240  4653  5241  4654  5242  4655,
             5243  4656  4757  4657  4758  4658  4759  4659  4446  4760,
             4876  4447  4761  4877  4762  4448  4763  4878  4764  5244,
             4765  4879  4766  5481  4767  4880  4768  4881  4769  4882,
             5245  4883  5246  4884  5247  4547  4660  5001  4661  5002,
             4662  5003  4663  5004  4664  5005  5126  4770  5006  4771,
             5127  5248  5128  5249  5129  5250  5130  5251  5131  5252,
             5359  5731  5132  5360  4779  4892  4780  4893  4781  4894,
             4782  4895  4783  4896  4784  4897  4785  4898  4786  4899,
             4787  4900  4788  4901  4789  4902  4790  4903  4791  4904,
             4792  4905  5008  5133  5009  5134  5010  5135  5011  5136,
             5012  5137  5013  5138  5014  5139  5015  5140  5016  5141,
             5017  5142  5018  5143  5019  5144  5020  5145  5021  5146,
             4793  4906  4794  4907  4795  4908  4796  4909  4797  4910,
             4798  4911  4799  4912  4800  4913  4801  4914  4802  4915,
             4803  4916  5365  4917  5366  4918  5367  4919  5022  5147,
             5023  5148  5024  5149  5025  5150  5026  5151  5027  5152,
             5028  5153  5029  5154  5030  5155  5031  5156  5032  5157,
             5033  5158  5034  5159  5035  5160  4920  5368  5484  5255,
             5369  5485  5370  4921  5256  5486  4555  4922  4556  5487,
             4557  4923  4558  5371  4559  5372  4560  5488  4561  5373,
             4562  5489  5607  4924  4563  5608  4564  5609  5374  5610,
             5375  5611  5732  5490  4677  5612  4678  5733  5734  5857,
             5735  5858  5736  5859  5737  5860  5985  5613  5861  5986,
             5862  5987
 print totals
 compute domain integral
c
domain dnr_014
 symmetric
 normal plane nx 0  ny -1.0  nz 0.0
 front nodes    556    741    926 linear verify
 function type b
 ignore crack face loading
 q-values      741    742    743    744    745    746    747    748,
               749    750    751    752    753    754    755    756,
               757    758    759    760    761    762    763    764,
               765    766    767    768    769    770    771    772,
               773    774    775    776    777    778    779    780,
               781    782    783    784    785    786    787    788,
               789    790    791    792    793    794    795    796,
               797    798    799    800    801    802    803    804,
               805    806    807    808    809    810    811    812,
               813    814    815    816    817    818    819    820,
               821    822    823    824    825    826    827    828,
               829    830    831    832    833    834    835    836,
               837    838    839    840    841    842    843    844,
               845    846    847    848    849    850    851    852,
               853    854    855    856    857    858    859    860,
               861    862    863    864    865    866    867    868,
               869    870    871    872    873    874    875    876,
               877    878    879    880    881    882    883    884,
               885    886    887    888    889    890    891    892,
               893    894    895    896    897    898    899    900,
               901    902    903    904    905    906    907    908,
               909    910    911    912    913    914    915    916,
               917    918    919    920    921    922    923    924,
               925   6173   6174   6175   6176   6177   6178   6179,
              6180   6181   6182   6183   6184   6185   6186   6187,
              6188   6189   6190   6191   6192   6193   6194   6195,
              6196   6197   6198   6199   6200   6201   6202   6203,
              6204   6205   6206   6207   6208   6209   6210   6211,
              6212   6213   6214   6215   6216   6217   6218   6219,
              6220   6221   6222   6223   6224   6225   6226   6227,
              6228   6229   6230   6231   6232   6233   6234   6235,
              6236   6237   6238   6239   6240   6241   6242   6243,
              6244   6245   6246   6247   6248   6249   6250   6251,
              6252   6253   6254   6255   6256   6257   6258   6259,
              6260   6261   6262   6263   6264   6265   6266   6267,
              6268   6269   6270   6271   6272   6273   6274   6275,
              6276   6277   6278   6279   6280   6281   6282   6283,
              6284   6285   6286   6287   6288   6289   6290   6291,
              6292   6293   6294   6295   6296   6297   6298   6299,
              6300   6301   6302   6303   6304   6305   6306   6307,
              6308   6309   6310   6311   6312   6313   6314   6315,
              6316   6317   6318   6319   6320   6321   6322   6323,
              6324   6325   6326   6327   6328   6329   6330   6331,
              6332   6333   6334   6335   6336   6337   6338   6339,
              6340 1.000
 elements     277   405   278   406   279   407   280   408   281   409,
              282   410   283   411   284   412   285   413   286   414,
              287   415   288   416   289   417   290   418   291   419,
              292   420   293   421   294   422   295   423   296   424,
               41   169    42   170    43   171    44   172    45   173,
               46   174    47   175    48   176    49   177    50   178,
               51   179    52   180    53   181    54   182    55   183,
               56   184    57   185    58   186    59   187    60   188,
             1666  1792  1667  1793  1668  1794  1669  1795  1670  1796,
             1671  1797  1672  1798  1673  1799  1674  1800  1675  1801,
             1676  1802  1677  1803  1678  1804  1679  1805  1680  1806,
             1681  1807  1682  1808  1683  1809  1684  1810  1685  1811,
             1686  1812  1687  1548  1911  2038  1688  1912  2039  1813,
             1913  2040  1689  1914  2041  1814  1915  2042  1690  1916,
             2043  1815  1917  2044  1691  1918  2045  1816  1919  2046,
             1692  1920  2047  1817  1921  2048  1693  1922  2049  1818,
             1923  2050  1694  1924  2051  1819  1925  2052  1695  1926,
             2053  1820  1927  2054  1696  1928  2055  1821  1929  2056,
             1697  1930  2057  1822  1931  2058  1698  1932  1187  1311,
             1188  1312  1189  1313  1190  1314  1191  1315  1192  1316,
             1193  1317  1194  1318  1195  1319  1196  1320  1197  1321,
             1198  1322  1199  1323  1200  1324  1201  1325  1202  1326,
             1203  1327  1204  1328  1205  1329  1206  1330  1207  1331,
             1208  1423  1424  1549  1209  1425  1550  1332  1426  1551,
             1210  1427  1552  1333  1428  1553  1211  1429  1554  1334,
             1430  1555  1212  1431  1556  1335  1432  1557  1213  1433,
             1558  1336  1434  1559  1214  1435  1560  1337  1436  1561,
             1215  1437  1562  1338  1438  1563  1216  1439  1564  1339,
             1440  1565  1217  1441  1566  1340  1442  1567  1218  1443,
             1568  1341  1444  1569  1219  1445  4316  4418  4317  4419,
             4318  4420  4319  4421  4320  4422  4519  4423  4520  4424,
             4521  4425  4522  4426  4523  4427  4524  4428  4525  4429,
             4526  4430  4527  4431  4528  4632  4529  4633  4530  4634,
             4531  4635  4532  4636  5351  4637  5352  4638  5233  4639,
             5234  4640  5235  4641  5236  4642  5237  4643  5238  4644,
             5239  4645  4432  5353  4433  5354  4434  5355  4435  5356,
             4436  5480  4437  4533  4438  4534  4439  4535  4440  4536,
             4441  4537  4442  4538  4443  4539  4444  4540  4445  4541,
             4542  4646  4543  4647  4544  4648  4545  4649  4546  4650,
             5357  4651  5358  4652  5240  4653  5241  4654  5242  4655,
             5243  4656  4757  4657  4758  4658  4759  4659  4446  4760,
             4876  4447  4761  4877  4762  4448  4763  4878  4764  5244,
             4765  4879  4766  5481  4767  4880  4768  4881  4769  4882,
             5245  4883  5246  4884  5247  4547  4660  5001  4661  5002,
             4662  5003  4663  5004  4664  5005  5126  4770  5006  4771,
             5127  5248  5128  5249  5129  5250  5130  5251  5131  5252,
             5359  5731  5132  5360  4548  4665  4549  4666  4550  4667,
             4551  4668  4552  4669  4553  4670  4554  4671  4779  4892,
             4780  4893  4781  4894  4782  4895  4783  4896  4784  4897,
             4785  4898  4786  4899  4787  4900  4788  4901  4789  4902,
             4790  4903  4791  4904  4792  4905  5008  5133  5009  5134,
             5010  5135  5011  5136  5012  5137  5013  5138  5014  5139,
             5015  5140  5016  5141  5017  5142  5018  5143  5019  5144,
             5020  5145  5021  5146  4793  4906  4794  4907  4795  4908,
             4796  4909  4797  4910  4798  4911  4799  4912  4800  4913,
             4801  4914  4802  4915  4803  4916  5365  4917  5366  4918,
             5367  4919  5022  5147  5023  5148  5024  5149  5025  5150,
             5026  5151  5027  5152  5028  5153  5029  5154  5030  5155,
             5031  5156  5032  5157  5033  5158  5034  5159  5035  5160,
             4920  5368  5484  5255  5369  5485  5370  4921  5256  5486,
             4555  4922  4556  5487  4557  4923  4558  5371  4559  5372,
             4560  5488  4561  5373  4562  5489  5607  4924  4563  5608,
             4564  5609  5374  5610  5375  5611  5732  5490  4677  5612,
             4678  5733  5734  5857  5735  5858  5736  5859  5737  5860,
             5985  5613  5861  5986  5862  5987  5036  5376  5037  5377,
             5038  5378  5039  5379  5040  5491  5041  5257  5042  5258
 print totals
 compute domain integral
c
domain dnr_015
 symmetric
 normal plane nx 0  ny -1.0  nz 0.0
 front nodes    556    741    926 linear verify
 function type b
 ignore crack face loading
 q-values      741    742    743    744    745    746    747    748,
               749    750    751    752    753    754    755    756,
               757    758    759    760    761    762    763    764,
               765    766    767    768    769    770    771    772,
               773    774    775    776    777    778    779    780,
               781    782    783    784    785    786    787    788,
               789    790    791    792    793    794    795    796,
               797    798    799    800    801    802    803    804,
               805    806    807    808    809    810    811    812,
               813    814    815    816    817    818    819    820,
               821    822    823    824    825    826    827    828,
               829    830    831    832    833    834    835    836,
               837    838    839    840    841    842    843    844,
               845    846    847    848    849    850    851    852,
               853    854    855    856    857    858    859    860,
               861    862    863    864    865    866    867    868,
               869    870    871    872    873    874    875    876,
               877    878    879    880    881    882    883    884,
               885    886    887    888    889    890    891    892,
               893    894    895    896    897    898    899    900,
               901    902    903    904    905    906    907    908,
               909    910    911    912    913    914    915    916,
               917    918    919    920    921    922    923    924,
               925   6173   6174   6175   6176   6177   6178   6179,
              6180   6181   6182   6183   6184   6185   6186   6187,
              6188   6189   6190   6191   6192   6193   6194   6195,
              6196   6197   6198   6199   6200   6201   6202   6203,
              6204   6205   6206   6207   6208   6209   6210   6211,
              6212   6213   6214   6215   6216   6217   6218   6219,
              6220   6221   6222   6223   6224   6225   6226   6227,
              6228   6229   6230   6231   6232   6233   6234   6235,
              6236   6237   6238   6239   6240   6241   6242   6243,
              6244   6245   6246   6247   6248   6249   6250   6251,
              6252   6253   6254   6255   6256   6257   6258   6259,
              6260   6261   6262   6263   6264   6265   6266   6267,
              6268   6269   6270   6271   6272   6273   6274   6275,
              6276   6277   6278   6279   6280   6281   6282   6283,
              6284   6285   6286   6287   6288   6289   6290   6291,
              6292   6293   6294   6295   6296   6297   6298   6299,
              6300   6301   6302   6303   6304   6305   6306   6307,
              6308   6309   6310   6311   6312   6313   6314   6315,
              6316   6317   6318   6319   6320   6321   6322   6323,
              6324   6325   6326   6327   6328   6329   6330   6331,
              6332   6333   6334   6335   6336   6337   6338   6339,
              6340   6341   6342   6343   6344   6345   6346   6347,
              6348   6349   6350   6351   6352   6353   6354   6355 1.000
 elements     277   405   278   406   279   407   280   408   281   409,
              282   410   283   411   284   412   285   413   286   414,
              287   415   288   416   289   417   290   418   291   419,
              292   420   293   421   294   422   295   423   296   424,
               41   169    42   170    43   171    44   172    45   173,
               46   174    47   175    48   176    49   177    50   178,
               51   179    52   180    53   181    54   182    55   183,
               56   184    57   185    58   186    59   187    60   188,
             1666  1792  1667  1793  1668  1794  1669  1795  1670  1796,
             1671  1797  1672  1798  1673  1799  1674  1800  1675  1801,
             1676  1802  1677  1803  1678  1804  1679  1805  1680  1806,
             1681  1807  1682  1808  1683  1809  1684  1810  1685  1811,
             1686  1812  1687  1548  1911  2038  1688  1912  2039  1813,
             1913  2040  1689  1914  2041  1814  1915  2042  1690  1916,
             2043  1815  1917  2044  1691  1918  2045  1816  1919  2046,
             1692  1920  2047  1817  1921  2048  1693  1922  2049  1818,
             1923  2050  1694  1924  2051  1819  1925  2052  1695  1926,
             2053  1820  1927  2054  1696  1928  2055  1821  1929  2056,
             1697  1930  2057  1822  1931  2058  1698  1932  1187  1311,
             1188  1312  1189  1313  1190  1314  1191  1315  1192  1316,
             1193  1317  1194  1318  1195  1319  1196  1320  1197  1321,
             1198  1322  1199  1323  1200  1324  1201  1325  1202  1326,
             1203  1327  1204  1328  1205  1329  1206  1330  1207  1331,
             1208  1423  1424  1549  1209  1425  1550  1332  1426  1551,
             1210  1427  1552  1333  1428  1553  1211  1429  1554  1334,
             1430  1555  1212  1431  1556  1335  1432  1557  1213  1433,
             1558  1336  1434  1559  1214  1435  1560  1337  1436  1561,
             1215  1437  1562  1338  1438  1563  1216  1439  1564  1339,
             1440  1565  1217  1441  1566  1340  1442  1567  1218  1443,
             1568  1341  1444  1569  1219  1445  4316  4418  4317  4419,
             4318  4420  4319  4421  4320  4422  4519  4423  4520  4424,
             4521  4425  4522  4426  4523  4427  4524  4428  4525  4429,
             4526  4430  4527  4431  4528  4632  4529  4633  4530  4634,
             4531  4635  4532  4636  5351  4637  5352  4638  5233  4639,
             5234  4640  5235  4641  5236  4642  5237  4643  5238  4644,
             5239  4645  4432  5353  4433  5354  4434  5355  4435  5356,
             4436  5480  4437  4533  4438  4534  4439  4535  4440  4536,
             4441  4537  4442  4538  4443  4539  4444  4540  4445  4541,
             4542  4646  4543  4647  4544  4648  4545  4649  4546  4650,
             5357  4651  5358  4652  5240  4653  5241  4654  5242  4655,
             5243  4656  4757  4657  4758  4658  4759  4659  4446  4760,
             4876  4447  4761  4877  4762  4448  4763  4878  4764  5244,
             4765  4879  4766  5481  4767  4880  4768  4881  4769  4882,
             5245  4883  5246  4884  5247  4547  4660  5001  4661  5002,
             4662  5003  4663  5004  4664  5005  5126  4770  5006  4771,
             5127  5248  5128  5249  5129  5250  5130  5251  5131  5252,
             5359  5731  5132  5360  4548  4665  4549  4666  4550  4667,
             4551  4668  4552  4669  4553  4670  4554  4671  4772  4885,
             4773  4886  4774  4887  4775  4888  4776  4889  4777  4890,
             4778  4891  4779  4892  4780  4893  4781  4894  4782  4895,
             4783  4896  4784  4897  4785  4898  4786  4899  4787  4900,
             4788  4901  4789  4902  4790  4903  4791  4904  4792  4905,
             5008  5133  5009  5134  5010  5135  5011  5136  5012  5137,
             5013  5138  5014  5139  5015  5140  5016  5141  5017  5142,
             5018  5143  5019  5144  5020  5145  5021  5146  4793  4906,
             4794  4907  4795  4908  4796  4909  4797  4910  4798  4911,
             4799  4912  4800  4913  4801  4914  4802  4915  4803  4916,
             5365  4917  5366  4918  5367  4919  5022  5147  5023  5148,
             5024  5149  5025  5150  5026  5151  5027  5152  5028  5153,
             5029  5154  5030  5155  5031  5156  5032  5157  5033  5158,
             5034  5159  5035  5160  4920  5368  5484  5255  5369  5485,
             5370  4921  5256  5486  4555  4922  4556  5487  4557  4923,
             4558  5371  4559  5372  4560  5488  4561  5373  4562  5489,
             5607  4924  4563  5608  4564  5609  5374  5610  5375  5611,
             5732  5490  4677  5612  4678  5733  5734  5857  5735  5858,
             5736  5859  5737  5860  5985  5613  5861  5986  5862  5987,
             5036  5376  5037  5377  5038  5378  5039  5379  5040  5491,
             5041  5257  5042  5258  5161  5259  5162  5260  5163  5492,
             5164  5493  5165  5261  5166  5614  5167  5615
 print totals
 compute domain integral
