c
domain dnr_067
 symmetric
 normal plane nx 0  ny -1.0  nz 0.0
 front nodes   3886   4071   4256 linear verify
 function type b
 ignore crack face loading
 q-values     4071   4072   4073   4074   4075   4076   4077   4078,
              4079   4080   4081   4082   4083   4084   4085   4086,
              4087   4088   4089   4090   4091   4092   4093   4094,
              4095   4096   4097   4098   4099   4100   4101   4102,
              4103   4104   4105   4106   4107   4108   4109   4110,
              4111   4112   4113   4114   4115   4116   4117   4118,
              4119   4120   4121   4122   4123   4124   4125   4126,
              4127   4128   4129   4130   4131   4132   4133   4134,
              4135   4136   4137   4138   4139   4140   4141   4142,
              4143   4144   4145   4146   4147   4148   4149   4150,
              4151   4152   4153   4154   4155   4156   4157   4158,
              4159   4160   4161   4162   4163   4164   4165   4166,
              4167   4168   4169   4170   4171   4172   4173   4174,
              4175   4176   4177   4178   4179   4180   4181   4182,
              4183   4184   4185   4186   4187   4188   4189   4190,
              4191   4192   4193   4194   4195   4196   4197   4198,
              4199   4200   4201   4202   4203   4204   4205   4206,
              4207   4208   4209   4210   4211   4212   4213   4214,
              4215   4216   4217   4218   4219   4220   4221   4222,
              4223   4224   4225   4226   4227   4228   4229   4230,
              4231   4232   4233   4234   4235   4236   4237   4238,
              4239   4240   4241   4242   4243   4244   4245   4246,
              4247   4248   4249   4250   4251   4252   4253   4254,
              4255   9812   9813   9814   9815   9816   9817   9818,
              9819   9820   9821   9822   9823   9824   9825   9826,
              9827   9828   9829   9830   9831   9832   9833   9834,
              9835   9836   9837   9838   9839   9840   9841   9842,
              9843   9844   9845   9846   9847   9848   9849   9850,
              9851   9852   9853   9854   9855   9856   9857   9858,
              9859   9860   9861   9862   9863   9864   9865   9866,
              9867   9868   9869   9870   9871   9872   9873   9874,
              9875   9876   9877   9878   9879   9880   9881   9882,
              9883   9884   9885   9886   9887   9888   9889   9890,
              9891   9892   9893   9894   9895   9896   9897   9898,
              9899   9900   9901   9902   9903   9904   9905   9906,
              9907   9908   9909   9910   9911   9912   9913   9914,
              9915   9916   9917   9918   9919   9920   9921   9922,
              9923   9924   9925   9926   9927   9928   9929   9930,
              9931   9932   9933   9934   9935   9936   9937   9938,
              9939   9940   9941   9942   9943   9944   9945   9946,
              9947   9948   9949   9950   9951   9952   9953   9954,
              9955   9956   9957   9958   9959   9960   9961   9962,
              9963   9964 1.000
 elements     841   969   842   970   843   971   844   972   845   973,
              846   974   847   975   848   976   849   977   850   978,
              851   979   852   980   853   981   854   982   855   983,
              856   984   857   985   858   986   859   987   860   988,
              605   733   606   734   607   735   608   736   609   737,
              610   738   611   739   612   740   613   741   614   742,
              615   743   616   744   617   745   618   746   619   747,
              620   748   621   749   622   750   623   751   624   752,
             3038  3150  3039  3151  3249  3582  3250  3583  3040  3152,
             3462  3153  3347  3154  3348  3155  3463  3156  3464  3157,
             3465  3158  3466  3159  3467  3160  3251  3161  3252  3162,
             3349  3163  3350  3164  3351  3165  3352  3166  3253  3167,
             3254  3168  3353  3584  3354  3585  3944  3355  3586  4066,
             3702  3825  3945  3703  3826  3587  3704  3588  4067  3705,
             3589  4194  3706  3590  3356  4068  3591  4195  4069  3592,
             3468  3946  3593  4070  3947  3594  3469  3948  3595  4071,
             3707  3596  3470  3708  3471  4196  3597  3709  3827  3949,
             3472  3357  3950  3473  4072  3951  3474  3358  4073  3475,
             3598  4074  3476  3359  3599  4075  4197  3600  3255  3477,
             3256  3478  3360  3479  3361  3480  3257  3362  3258  3828,
             3259  3481  3260  3710  3261  3363  3262  3364  3263  3365,
             3264  3366  3265  3367  3829  3368  3830  3482  3266  3601,
             3267  3602  3268  3603  3269  3604  3369  3711  3370  3483,
             3270  3712  3713  3831  3271  3714  3832  3484  4198  4076,
             3272  4199  3952  3371  4200  3833  3273  3953  4077  3485,
             3954  3834  3274  3955  3835  3715  3956  3716  3275  3836,
             3717  3372  3837  3718  3276  3838  4201  3373  3839  3957,
             3277  4078  3958  3374  4079  4202  3278  4080  3719  3605,
             3840  3720  3279  3841  3721  4203  3842  3722  3280  3843,
             3959  4321  3844  3723  3281  3845  8357  8471  7898  8472,
             7899  8473  7900  8013  7901  8474  7902  8014  7903  8015,
             7904  8126  8240  8016  8241  8017  8242  8358  8127  8243,
             8128  8475  8129  8476  8706  8823  8940  8585  8707  8586,
             8824  8587  8708  8588  8709  8589  8710  8825  8941  8826,
             8942  8827  8943  9062  8590  8477  8591  8478  8592  8828,
             8593  8829  8479  9063  8018  8130  8830  8480  8944  9064,
             8831  8945  8832  8946  8131  8244  8132  8245  9065  8019,
             8133  8246  8359  8020  8134  8247  8947  9066  8021  8135,
             8136  8833  8248  8594  8249  9067  8834  8595  8250  8360,
             9068  8361  8711  8362  8835  8596  8948  8251  8363  8712,
             9069  8252  8364  8836  8365  8837  8366  8253  8713  9070,
             9189  8481  8838  8482  8949  8483  8839  8950  8254  8137,
             8255  8138  8256  8022  9071  8023  8484  8139  8367  8024,
             8951  8025  8952  8026  8140  8027  8141  8257  8597  9072,
             9313  8368  8953  9314  8598  8714  8485  8369  8840  8370,
             8371  9315  9441  8028  8841  9442  9569  8029  8372  9316,
             9073  9317  9190  9318  8147  8261  8148  8262  8149  8263,
             8150  8264  8151  8265  8152  8266  8153  8267  8375  8492,
             8376  8154  8377  8155  8716  8842  8717  8378  8718  8268,
             8379  8269  8604  9191  8380  9075  8381  9076  8382  8493,
             8383  9077  8384  8494  8385  8495  8605  8719  8606  8496,
             8607  8497  8956  9078  8957  8843  9192  9319  8720  8958,
             8270  9320  8498  9193  8959  8156  8271  8157  9194  8158,
             8272  9195  9079  9196  9080  8386  8159  8721  9197  8844,
             8160  8722  9198  8723  9443  8273  8499  9081  8387  8608,
             8388  8724  8389  8609  8390  8725  9321  8500  8610  8501,
             8611  8502  8726  8503  8845  8612  8960  8613  8504  8614,
             8505  8615  8506  8616  8727  8617  8274  8507  8961  9082,
             8962  8728  8275  9199  9444  8729  9200  8846  9083  9201,
             9084  8391  8730  9202  8847  8276  8848  8731  9203  8277,
             8732  8278  8508  8849  8618  8733  8392  9570  8619  8509,
             8620  8510  8279  8963  8621  9445  8622  8734  8850  9571,
             8851  9204  9697  9085  8735  8852  9086  9446  8280  9572,
             8964  9087
 print totals
 compute domain integral
c
domain dnr_068
 symmetric
 normal plane nx 0  ny -1.0  nz 0.0
 front nodes   3886   4071   4256 linear verify
 function type b
 ignore crack face loading
 q-values     4071   4072   4073   4074   4075   4076   4077   4078,
              4079   4080   4081   4082   4083   4084   4085   4086,
              4087   4088   4089   4090   4091   4092   4093   4094,
              4095   4096   4097   4098   4099   4100   4101   4102,
              4103   4104   4105   4106   4107   4108   4109   4110,
              4111   4112   4113   4114   4115   4116   4117   4118,
              4119   4120   4121   4122   4123   4124   4125   4126,
              4127   4128   4129   4130   4131   4132   4133   4134,
              4135   4136   4137   4138   4139   4140   4141   4142,
              4143   4144   4145   4146   4147   4148   4149   4150,
              4151   4152   4153   4154   4155   4156   4157   4158,
              4159   4160   4161   4162   4163   4164   4165   4166,
              4167   4168   4169   4170   4171   4172   4173   4174,
              4175   4176   4177   4178   4179   4180   4181   4182,
              4183   4184   4185   4186   4187   4188   4189   4190,
              4191   4192   4193   4194   4195   4196   4197   4198,
              4199   4200   4201   4202   4203   4204   4205   4206,
              4207   4208   4209   4210   4211   4212   4213   4214,
              4215   4216   4217   4218   4219   4220   4221   4222,
              4223   4224   4225   4226   4227   4228   4229   4230,
              4231   4232   4233   4234   4235   4236   4237   4238,
              4239   4240   4241   4242   4243   4244   4245   4246,
              4247   4248   4249   4250   4251   4252   4253   4254,
              4255   9812   9813   9814   9815   9816   9817   9818,
              9819   9820   9821   9822   9823   9824   9825   9826,
              9827   9828   9829   9830   9831   9832   9833   9834,
              9835   9836   9837   9838   9839   9840   9841   9842,
              9843   9844   9845   9846   9847   9848   9849   9850,
              9851   9852   9853   9854   9855   9856   9857   9858,
              9859   9860   9861   9862   9863   9864   9865   9866,
              9867   9868   9869   9870   9871   9872   9873   9874,
              9875   9876   9877   9878   9879   9880   9881   9882,
              9883   9884   9885   9886   9887   9888   9889   9890,
              9891   9892   9893   9894   9895   9896   9897   9898,
              9899   9900   9901   9902   9903   9904   9905   9906,
              9907   9908   9909   9910   9911   9912   9913   9914,
              9915   9916   9917   9918   9919   9920   9921   9922,
              9923   9924   9925   9926   9927   9928   9929   9930,
              9931   9932   9933   9934   9935   9936   9937   9938,
              9939   9940   9941   9942   9943   9944   9945   9946,
              9947   9948   9949   9950   9951   9952   9953   9954,
              9955   9956   9957   9958   9959   9960   9961   9962,
              9963   9964   9965   9966   9967   9968   9969   9970,
              9971   9972   9973   9974   9975   9976   9977   9978,
              9979 1.000
 elements     841   969   842   970   843   971   844   972   845   973,
              846   974   847   975   848   976   849   977   850   978,
              851   979   852   980   853   981   854   982   855   983,
              856   984   857   985   858   986   859   987   860   988,
              605   733   606   734   607   735   608   736   609   737,
              610   738   611   739   612   740   613   741   614   742,
              615   743   616   744   617   745   618   746   619   747,
              620   748   621   749   622   750   623   751   624   752,
             3038  3150  3039  3151  3249  3582  3250  3583  3040  3152,
             3462  3153  3347  3154  3348  3155  3463  3156  3464  3157,
             3465  3158  3466  3159  3467  3160  3251  3161  3252  3162,
             3349  3163  3350  3164  3351  3165  3352  3166  3253  3167,
             3254  3168  3353  3584  3354  3585  3944  3355  3586  4066,
             3702  3825  3945  3703  3826  3587  3704  3588  4067  3705,
             3589  4194  3706  3590  3356  4068  3591  4195  4069  3592,
             3468  3946  3593  4070  3947  3594  3469  3948  3595  4071,
             3707  3596  3470  3708  3471  4196  3597  3709  3827  3949,
             3472  3357  3950  3473  4072  3951  3474  3358  4073  3475,
             3598  4074  3476  3359  3599  4075  4197  3600  3255  3477,
             3256  3478  3360  3479  3361  3480  3257  3362  3258  3828,
             3259  3481  3260  3710  3261  3363  3262  3364  3263  3365,
             3264  3366  3265  3367  3829  3368  3830  3482  3266  3601,
             3267  3602  3268  3603  3269  3604  3369  3711  3370  3483,
             3270  3712  3713  3831  3271  3714  3832  3484  4198  4076,
             3272  4199  3952  3371  4200  3833  3273  3953  4077  3485,
             3954  3834  3274  3955  3835  3715  3956  3716  3275  3836,
             3717  3372  3837  3718  3276  3838  4201  3373  3839  3957,
             3277  4078  3958  3374  4079  4202  3278  4080  3719  3605,
             3840  3720  3279  3841  3721  4203  3842  3722  3280  3843,
             3959  4321  3844  3723  3281  3845  8357  8471  7898  8472,
             7899  8473  7900  8013  7901  8474  7902  8014  7903  8015,
             7904  8126  8240  8016  8241  8017  8242  8358  8127  8243,
             8128  8475  8129  8476  8706  8823  8940  8585  8707  8586,
             8824  8587  8708  8588  8709  8589  8710  8825  8941  8826,
             8942  8827  8943  9062  8590  8477  8591  8478  8592  8828,
             8593  8829  8479  9063  8018  8130  8830  8480  8944  9064,
             8831  8945  8832  8946  8131  8244  8132  8245  9065  8019,
             8133  8246  8359  8020  8134  8247  8947  9066  8021  8135,
             8136  8833  8248  8594  8249  9067  8834  8595  8250  8360,
             9068  8361  8711  8362  8835  8596  8948  8251  8363  8712,
             9069  8252  8364  8836  8365  8837  8366  8253  8713  9070,
             9189  8481  8838  8482  8949  8483  8839  8950  8254  8137,
             8255  8138  8256  8022  9071  8023  8484  8139  8367  8024,
             8951  8025  8952  8026  8140  8027  8141  8257  8597  9072,
             9313  8368  8953  9314  8598  8714  8485  8369  8840  8370,
             8371  9315  9441  8028  8841  9442  9569  8029  8372  9316,
             9073  9317  9190  9318  8142  8258  8143  8259  8144  8260,
             8373  8486  8599  8030  8145  8031  8146  8032  8147  8261,
             8148  8262  8149  8263  8150  8264  8151  8265  8152  8266,
             8153  8267  8375  8492  8376  8154  8377  8155  8716  8842,
             8717  8378  8718  8268  8379  8269  8604  9191  8380  9075,
             8381  9076  8382  8493  8383  9077  8384  8494  8385  8495,
             8605  8719  8606  8496  8607  8497  8956  9078  8957  8843,
             9192  9319  8720  8958  8270  9320  8498  9193  8959  8156,
             8271  8157  9194  8158  8272  9195  9079  9196  9080  8386,
             8159  8721  9197  8844  8160  8722  9198  8723  9443  8273,
             8499  9081  8387  8608  8388  8724  8389  8609  8390  8725,
             9321  8500  8610  8501  8611  8502  8726  8503  8845  8612,
             8960  8613  8504  8614  8505  8615  8506  8616  8727  8617,
             8274  8507  8961  9082  8962  8728  8275  9199  9444  8729,
             9200  8846  9083  9201  9084  8391  8730  9202  8847  8276,
             8848  8731  9203  8277  8732  8278  8508  8849  8618  8733,
             8392  9570  8619  8509  8620  8510  8279  8963  8621  9445,
             8622  8734  8850  9571  8851  9204  9697  9085  8735  8852,
             9086  9446  8280  9572  8964  9087  8736  8965  8393  8737,
             8511  9205  9322  8281  8738  8853  8394  8854  8282  8395
 print totals
 compute domain integral
c
domain dnr_069
 symmetric
 normal plane nx 0  ny -1.0  nz 0.0
 front nodes   3886   4071   4256 linear verify
 function type b
 ignore crack face loading
 q-values     4071   4072   4073   4074   4075   4076   4077   4078,
              4079   4080   4081   4082   4083   4084   4085   4086,
              4087   4088   4089   4090   4091   4092   4093   4094,
              4095   4096   4097   4098   4099   4100   4101   4102,
              4103   4104   4105   4106   4107   4108   4109   4110,
              4111   4112   4113   4114   4115   4116   4117   4118,
              4119   4120   4121   4122   4123   4124   4125   4126,
              4127   4128   4129   4130   4131   4132   4133   4134,
              4135   4136   4137   4138   4139   4140   4141   4142,
              4143   4144   4145   4146   4147   4148   4149   4150,
              4151   4152   4153   4154   4155   4156   4157   4158,
              4159   4160   4161   4162   4163   4164   4165   4166,
              4167   4168   4169   4170   4171   4172   4173   4174,
              4175   4176   4177   4178   4179   4180   4181   4182,
              4183   4184   4185   4186   4187   4188   4189   4190,
              4191   4192   4193   4194   4195   4196   4197   4198,
              4199   4200   4201   4202   4203   4204   4205   4206,
              4207   4208   4209   4210   4211   4212   4213   4214,
              4215   4216   4217   4218   4219   4220   4221   4222,
              4223   4224   4225   4226   4227   4228   4229   4230,
              4231   4232   4233   4234   4235   4236   4237   4238,
              4239   4240   4241   4242   4243   4244   4245   4246,
              4247   4248   4249   4250   4251   4252   4253   4254,
              4255   9812   9813   9814   9815   9816   9817   9818,
              9819   9820   9821   9822   9823   9824   9825   9826,
              9827   9828   9829   9830   9831   9832   9833   9834,
              9835   9836   9837   9838   9839   9840   9841   9842,
              9843   9844   9845   9846   9847   9848   9849   9850,
              9851   9852   9853   9854   9855   9856   9857   9858,
              9859   9860   9861   9862   9863   9864   9865   9866,
              9867   9868   9869   9870   9871   9872   9873   9874,
              9875   9876   9877   9878   9879   9880   9881   9882,
              9883   9884   9885   9886   9887   9888   9889   9890,
              9891   9892   9893   9894   9895   9896   9897   9898,
              9899   9900   9901   9902   9903   9904   9905   9906,
              9907   9908   9909   9910   9911   9912   9913   9914,
              9915   9916   9917   9918   9919   9920   9921   9922,
              9923   9924   9925   9926   9927   9928   9929   9930,
              9931   9932   9933   9934   9935   9936   9937   9938,
              9939   9940   9941   9942   9943   9944   9945   9946,
              9947   9948   9949   9950   9951   9952   9953   9954,
              9955   9956   9957   9958   9959   9960   9961   9962,
              9963   9964   9965   9966   9967   9968   9969   9970,
              9971   9972   9973   9974   9975   9976   9977   9978,
              9979   9980   9981   9982   9983   9984   9985   9986,
              9987   9988   9989   9990   9991   9992   9993   9994 1.000
 elements     841   969   842   970   843   971   844   972   845   973,
              846   974   847   975   848   976   849   977   850   978,
              851   979   852   980   853   981   854   982   855   983,
              856   984   857   985   858   986   859   987   860   988,
              605   733   606   734   607   735   608   736   609   737,
              610   738   611   739   612   740   613   741   614   742,
              615   743   616   744   617   745   618   746   619   747,
              620   748   621   749   622   750   623   751   624   752,
             3038  3150  3039  3151  3249  3582  3250  3583  3040  3152,
             3462  3153  3347  3154  3348  3155  3463  3156  3464  3157,
             3465  3158  3466  3159  3467  3160  3251  3161  3252  3162,
             3349  3163  3350  3164  3351  3165  3352  3166  3253  3167,
             3254  3168  3353  3584  3354  3585  3944  3355  3586  4066,
             3702  3825  3945  3703  3826  3587  3704  3588  4067  3705,
             3589  4194  3706  3590  3356  4068  3591  4195  4069  3592,
             3468  3946  3593  4070  3947  3594  3469  3948  3595  4071,
             3707  3596  3470  3708  3471  4196  3597  3709  3827  3949,
             3472  3357  3950  3473  4072  3951  3474  3358  4073  3475,
             3598  4074  3476  3359  3599  4075  4197  3600  3255  3477,
             3256  3478  3360  3479  3361  3480  3257  3362  3258  3828,
             3259  3481  3260  3710  3261  3363  3262  3364  3263  3365,
             3264  3366  3265  3367  3829  3368  3830  3482  3266  3601,
             3267  3602  3268  3603  3269  3604  3369  3711  3370  3483,
             3270  3712  3713  3831  3271  3714  3832  3484  4198  4076,
             3272  4199  3952  3371  4200  3833  3273  3953  4077  3485,
             3954  3834  3274  3955  3835  3715  3956  3716  3275  3836,
             3717  3372  3837  3718  3276  3838  4201  3373  3839  3957,
             3277  4078  3958  3374  4079  4202  3278  4080  3719  3605,
             3840  3720  3279  3841  3721  4203  3842  3722  3280  3843,
             3959  4321  3844  3723  3281  3845  8357  8471  7898  8472,
             7899  8473  7900  8013  7901  8474  7902  8014  7903  8015,
             7904  8126  8240  8016  8241  8017  8242  8358  8127  8243,
             8128  8475  8129  8476  8706  8823  8940  8585  8707  8586,
             8824  8587  8708  8588  8709  8589  8710  8825  8941  8826,
             8942  8827  8943  9062  8590  8477  8591  8478  8592  8828,
             8593  8829  8479  9063  8018  8130  8830  8480  8944  9064,
             8831  8945  8832  8946  8131  8244  8132  8245  9065  8019,
             8133  8246  8359  8020  8134  8247  8947  9066  8021  8135,
             8136  8833  8248  8594  8249  9067  8834  8595  8250  8360,
             9068  8361  8711  8362  8835  8596  8948  8251  8363  8712,
             9069  8252  8364  8836  8365  8837  8366  8253  8713  9070,
             9189  8481  8838  8482  8949  8483  8839  8950  8254  8137,
             8255  8138  8256  8022  9071  8023  8484  8139  8367  8024,
             8951  8025  8952  8026  8140  8027  8141  8257  8597  9072,
             9313  8368  8953  9314  8598  8714  8485  8369  8840  8370,
             8371  9315  9441  8028  8841  9442  9569  8029  8372  9316,
             9073  9317  9190  9318  8142  8258  8143  8259  8144  8260,
             8373  8486  8599  8030  8145  8031  8146  8032  8487  8600,
             8488  8601  8374  8602  8954  9074  8955  8489  8603  8490,
             8715  8491  8147  8261  8148  8262  8149  8263  8150  8264,
             8151  8265  8152  8266  8153  8267  8375  8492  8376  8154,
             8377  8155  8716  8842  8717  8378  8718  8268  8379  8269,
             8604  9191  8380  9075  8381  9076  8382  8493  8383  9077,
             8384  8494  8385  8495  8605  8719  8606  8496  8607  8497,
             8956  9078  8957  8843  9192  9319  8720  8958  8270  9320,
             8498  9193  8959  8156  8271  8157  9194  8158  8272  9195,
             9079  9196  9080  8386  8159  8721  9197  8844  8160  8722,
             9198  8723  9443  8273  8499  9081  8387  8608  8388  8724,
             8389  8609  8390  8725  9321  8500  8610  8501  8611  8502,
             8726  8503  8845  8612  8960  8613  8504  8614  8505  8615,
             8506  8616  8727  8617  8274  8507  8961  9082  8962  8728,
             8275  9199  9444  8729  9200  8846  9083  9201  9084  8391,
             8730  9202  8847  8276  8848  8731  9203  8277  8732  8278,
             8508  8849  8618  8733  8392  9570  8619  8509  8620  8510,
             8279  8963  8621  9445  8622  8734  8850  9571  8851  9204,
             9697  9085  8735  8852  9086  9446  8280  9572  8964  9087,
             8736  8965  8393  8737  8511  9205  9322  8281  8738  8853,
             8394  8854  8282  8395  8396  8855  9088  8856  9089  8739,
             8857  9206  8397  8283  8966  9090  8623  8858
 print totals
 compute domain integral
