c
domain dnr_085
 symmetric
 normal plane nx 0  ny -1.0  nz 0.0
 front nodes   4996   5181 linear verify
 function type c
 ignore crack face loading
 q-values     5181   5182   5183   5184   5185   5186   5187   5188,
              5189   5190   5191   5192   5193   5194   5195   5196,
              5197   5198   5199   5200   5201   5202   5203   5204,
              5205   5206   5207   5208   5209   5210   5211   5212,
              5213   5214   5215   5216   5217   5218   5219   5220,
              5221   5222   5223   5224   5225   5226   5227   5228,
              5229   5230   5231   5232   5233   5234   5235   5236,
              5237   5238   5239   5240   5241   5242   5243   5244,
              5245   5246   5247   5248   5249   5250   5251   5252,
              5253   5254   5255   5256   5257   5258   5259   5260,
              5261   5262   5263   5264   5265   5266   5267   5268,
              5269   5270   5271   5272   5273   5274   5275   5276,
              5277   5278   5279   5280   5281   5282   5283   5284,
              5285   5286   5287   5288   5289   5290   5291   5292,
              5293   5294   5295   5296   5297   5298   5299   5300,
              5301   5302   5303   5304   5305   5306   5307   5308,
              5309   5310   5311   5312   5313   5314   5315   5316,
              5317   5318   5319   5320   5321   5322   5323   5324,
              5325   5326   5327   5328   5329   5330   5331   5332,
              5333   5334   5335   5336   5337   5338   5339   5340,
              5341   5342   5343   5344   5345   5346   5347   5348,
              5349   5350   5351   5352   5353   5354   5355   5356,
              5357   5358   5359   5360   5361   5362   5363   5364,
              5365  11015  11016  11017  11018  11019  11020  11021,
             11022  11023  11024  11025  11026  11027  11028  11029,
             11030  11031  11032  11033  11034  11035  11036  11037,
             11038  11039  11040  11041  11042  11043  11044  11045,
             11046  11047  11048  11049  11050  11051  11052  11053,
             11054  11055  11056  11057  11058  11059  11060  11061,
             11062  11063  11064  11065  11066  11067  11068  11069,
             11070  11071  11072  11073  11074  11075  11076  11077,
             11078  11079  11080  11081  11082  11083  11084  11085,
             11086  11087  11088  11089  11090  11091  11092  11093,
             11094  11095  11096  11097  11098  11099  11100  11101,
             11102  11103  11104  11105  11106  11107  11108  11109,
             11110  11111  11112  11113  11114  11115  11116  11117,
             11118  11119  11120  11121  11122  11123  11124  11125,
             11126  11127  11128  11129  11130  11131  11132  11133,
             11134  11135  11136  11137  11138  11139  11140  11141,
             11142  11143  11144  11145  11146  11147  11148  11149,
             11150  11151  11152  11153  11154  11155  11156  11157,
             11158  11159  11160  11161  11162  11163  11164  11165,
             11166  11167 1.000
 elements    1077  1101  1078  1102  1079  1103  1080  1104  1081  1105,
             1082  1106  1083  1107  1084  1108  1085  1109  1086  1110,
             1087  1111  1088  1112  1089  1113  1090  1114  1091  1115,
             1092  1116  1093  1117  1094  1118  1095  1119  1096  1120,
             3662  4003  3663  3773  3664  3774  3665  3775  3666  3546,
             3667  3776  3668  4118  3669  3547  3670  3548  3671  3549,
             3672  3550  3673  3551  3674  3552  3675  3777  4004  3778,
             3894  4005  4119  4006  4120  4007  4121  4008  4122  3676,
             4123  3677  4124  3895  4125  4463  3678  4126  4009  3896,
             4464  3897  3679  4345  3898  4465  4127  3779  3680  4128,
             4346  4580  4705  4238  4129  4581  4130  4706  4239  4131,
             4466  4010  4132  4582  4011  4133  4707  3780  4134  4012,
             3781  4240  4708  4833  4241  3782  4347  4583  4013  4135,
             4584  3783  4467  4585  4014  4348  4468  4136  4349  4586,
             4015  4242  4350  4137  4469  4016  4587  4351  9393  9508,
             9630  9509  9048  9394  9049  9510  9050  9631  9051  9395,
             9052  9396  9053  9174  9054  9175  9397  9286  9398  9511,
             9055  9512  9056  9513  9287  9399  9632  9980 10096  9859,
             9633  9860  9750  9981 10097  9861  9982  9751  9514  9862,
            10098  9288  9400  9515  9752  9863  9753  9864  9176  9634,
            10218 10099 10219  9516  9517 10220  9177 10221  9289  9401,
            10100  9518  9635 10222  9402 10223  9403  9636  9404  9637,
             9178  9865  9179  9290 10224  9405  9754 10342  9180  9406,
             9291  9407  9755  9983  9292  9408 10101 10225 10343  9984,
            10102  9519  9638  9520  9866  9521  9867  9293  9409  9756,
            10344  9868  9181  9639  9182 10103  9294  9522 10226  9523,
             9183  9524  9184  9985  9295  9410 10104  9525  9640 10227,
             9411 10228  9412  9641  9413  9757  9869 10105  9414  9296,
             9415  9986  9416  9758  9417  9987  9297  9418  9298  9419,
             9526 10467 10106  9527 10468 10593 10229  9642  9759 10594,
             9528  9870  9760 10469 10595 10721 10596  9643 10722  9761,
             9871 10597  9872 10723  9420 10345
 print totals
 compute domain integral
c
domain dnr_086
 symmetric
 normal plane nx 0  ny -1.0  nz 0.0
 front nodes   4996   5181 linear verify
 function type c
 ignore crack face loading
 q-values     5181   5182   5183   5184   5185   5186   5187   5188,
              5189   5190   5191   5192   5193   5194   5195   5196,
              5197   5198   5199   5200   5201   5202   5203   5204,
              5205   5206   5207   5208   5209   5210   5211   5212,
              5213   5214   5215   5216   5217   5218   5219   5220,
              5221   5222   5223   5224   5225   5226   5227   5228,
              5229   5230   5231   5232   5233   5234   5235   5236,
              5237   5238   5239   5240   5241   5242   5243   5244,
              5245   5246   5247   5248   5249   5250   5251   5252,
              5253   5254   5255   5256   5257   5258   5259   5260,
              5261   5262   5263   5264   5265   5266   5267   5268,
              5269   5270   5271   5272   5273   5274   5275   5276,
              5277   5278   5279   5280   5281   5282   5283   5284,
              5285   5286   5287   5288   5289   5290   5291   5292,
              5293   5294   5295   5296   5297   5298   5299   5300,
              5301   5302   5303   5304   5305   5306   5307   5308,
              5309   5310   5311   5312   5313   5314   5315   5316,
              5317   5318   5319   5320   5321   5322   5323   5324,
              5325   5326   5327   5328   5329   5330   5331   5332,
              5333   5334   5335   5336   5337   5338   5339   5340,
              5341   5342   5343   5344   5345   5346   5347   5348,
              5349   5350   5351   5352   5353   5354   5355   5356,
              5357   5358   5359   5360   5361   5362   5363   5364,
              5365  11015  11016  11017  11018  11019  11020  11021,
             11022  11023  11024  11025  11026  11027  11028  11029,
             11030  11031  11032  11033  11034  11035  11036  11037,
             11038  11039  11040  11041  11042  11043  11044  11045,
             11046  11047  11048  11049  11050  11051  11052  11053,
             11054  11055  11056  11057  11058  11059  11060  11061,
             11062  11063  11064  11065  11066  11067  11068  11069,
             11070  11071  11072  11073  11074  11075  11076  11077,
             11078  11079  11080  11081  11082  11083  11084  11085,
             11086  11087  11088  11089  11090  11091  11092  11093,
             11094  11095  11096  11097  11098  11099  11100  11101,
             11102  11103  11104  11105  11106  11107  11108  11109,
             11110  11111  11112  11113  11114  11115  11116  11117,
             11118  11119  11120  11121  11122  11123  11124  11125,
             11126  11127  11128  11129  11130  11131  11132  11133,
             11134  11135  11136  11137  11138  11139  11140  11141,
             11142  11143  11144  11145  11146  11147  11148  11149,
             11150  11151  11152  11153  11154  11155  11156  11157,
             11158  11159  11160  11161  11162  11163  11164  11165,
             11166  11167  11168  11169  11170  11171  11172  11173,
             11174  11175  11176  11177  11178  11179  11180  11181,
             11182 1.000
 elements    1077  1101  1078  1102  1079  1103  1080  1104  1081  1105,
             1082  1106  1083  1107  1084  1108  1085  1109  1086  1110,
             1087  1111  1088  1112  1089  1113  1090  1114  1091  1115,
             1092  1116  1093  1117  1094  1118  1095  1119  1096  1120,
             3662  4003  3663  3773  3664  3774  3665  3775  3666  3546,
             3667  3776  3668  4118  3669  3547  3670  3548  3671  3549,
             3672  3550  3673  3551  3674  3552  3675  3777  4004  3778,
             3894  4005  4119  4006  4120  4007  4121  4008  4122  3676,
             4123  3677  4124  3895  4125  4463  3678  4126  4009  3896,
             4464  3897  3679  4345  3898  4465  4127  3779  3680  4128,
             4346  4580  4705  4238  4129  4581  4130  4706  4239  4131,
             4466  4010  4132  4582  4011  4133  4707  3780  4134  4012,
             3781  4240  4708  4833  4241  3782  4347  4583  4013  4135,
             4584  3783  4467  4585  4014  4348  4468  4136  4349  4586,
             4015  4242  4350  4137  4469  4016  4587  4351  9393  9508,
             9630  9509  9048  9394  9049  9510  9050  9631  9051  9395,
             9052  9396  9053  9174  9054  9175  9397  9286  9398  9511,
             9055  9512  9056  9513  9287  9399  9632  9980 10096  9859,
             9633  9860  9750  9981 10097  9861  9982  9751  9514  9862,
            10098  9288  9400  9515  9752  9863  9753  9864  9176  9634,
            10218 10099 10219  9516  9517 10220  9177 10221  9289  9401,
            10100  9518  9635 10222  9402 10223  9403  9636  9404  9637,
             9178  9865  9179  9290 10224  9405  9754 10342  9180  9406,
             9291  9407  9755  9983  9292  9408 10101 10225 10343  9984,
            10102  9519  9638  9520  9866  9521  9867  9293  9409  9756,
            10344  9868  9181  9639  9182 10103  9294  9522 10226  9523,
             9183  9524  9184  9985  9295  9410 10104  9525  9640 10227,
             9411 10228  9412  9641  9413  9757  9869 10105  9414  9296,
             9415  9986  9416  9758  9417  9987  9297  9418  9298  9419,
             9526 10467 10106  9527 10468 10593 10229  9642  9759 10594,
             9528  9870  9760 10469 10595 10721 10596  9643 10722  9761,
             9871 10597  9872 10723  9420 10345  9299 10107  9300  9421,
             9301  9529 10470 10108 10230  9988  9422  9302  9989  9303
 print totals
 compute domain integral
c
domain dnr_087
 symmetric
 normal plane nx 0  ny -1.0  nz 0.0
 front nodes   4996   5181 linear verify
 function type c
 ignore crack face loading
 q-values     5181   5182   5183   5184   5185   5186   5187   5188,
              5189   5190   5191   5192   5193   5194   5195   5196,
              5197   5198   5199   5200   5201   5202   5203   5204,
              5205   5206   5207   5208   5209   5210   5211   5212,
              5213   5214   5215   5216   5217   5218   5219   5220,
              5221   5222   5223   5224   5225   5226   5227   5228,
              5229   5230   5231   5232   5233   5234   5235   5236,
              5237   5238   5239   5240   5241   5242   5243   5244,
              5245   5246   5247   5248   5249   5250   5251   5252,
              5253   5254   5255   5256   5257   5258   5259   5260,
              5261   5262   5263   5264   5265   5266   5267   5268,
              5269   5270   5271   5272   5273   5274   5275   5276,
              5277   5278   5279   5280   5281   5282   5283   5284,
              5285   5286   5287   5288   5289   5290   5291   5292,
              5293   5294   5295   5296   5297   5298   5299   5300,
              5301   5302   5303   5304   5305   5306   5307   5308,
              5309   5310   5311   5312   5313   5314   5315   5316,
              5317   5318   5319   5320   5321   5322   5323   5324,
              5325   5326   5327   5328   5329   5330   5331   5332,
              5333   5334   5335   5336   5337   5338   5339   5340,
              5341   5342   5343   5344   5345   5346   5347   5348,
              5349   5350   5351   5352   5353   5354   5355   5356,
              5357   5358   5359   5360   5361   5362   5363   5364,
              5365  11015  11016  11017  11018  11019  11020  11021,
             11022  11023  11024  11025  11026  11027  11028  11029,
             11030  11031  11032  11033  11034  11035  11036  11037,
             11038  11039  11040  11041  11042  11043  11044  11045,
             11046  11047  11048  11049  11050  11051  11052  11053,
             11054  11055  11056  11057  11058  11059  11060  11061,
             11062  11063  11064  11065  11066  11067  11068  11069,
             11070  11071  11072  11073  11074  11075  11076  11077,
             11078  11079  11080  11081  11082  11083  11084  11085,
             11086  11087  11088  11089  11090  11091  11092  11093,
             11094  11095  11096  11097  11098  11099  11100  11101,
             11102  11103  11104  11105  11106  11107  11108  11109,
             11110  11111  11112  11113  11114  11115  11116  11117,
             11118  11119  11120  11121  11122  11123  11124  11125,
             11126  11127  11128  11129  11130  11131  11132  11133,
             11134  11135  11136  11137  11138  11139  11140  11141,
             11142  11143  11144  11145  11146  11147  11148  11149,
             11150  11151  11152  11153  11154  11155  11156  11157,
             11158  11159  11160  11161  11162  11163  11164  11165,
             11166  11167  11168  11169  11170  11171  11172  11173,
             11174  11175  11176  11177  11178  11179  11180  11181,
             11182  11183  11184  11185  11186  11187  11188  11189,
             11190  11191  11192  11193  11194  11195  11196  11197 1.000
 elements    1077  1101  1078  1102  1079  1103  1080  1104  1081  1105,
             1082  1106  1083  1107  1084  1108  1085  1109  1086  1110,
             1087  1111  1088  1112  1089  1113  1090  1114  1091  1115,
             1092  1116  1093  1117  1094  1118  1095  1119  1096  1120,
             3662  4003  3663  3773  3664  3774  3665  3775  3666  3546,
             3667  3776  3668  4118  3669  3547  3670  3548  3671  3549,
             3672  3550  3673  3551  3674  3552  3675  3777  4004  3778,
             3894  4005  4119  4006  4120  4007  4121  4008  4122  3676,
             4123  3677  4124  3895  4125  4463  3678  4126  4009  3896,
             4464  3897  3679  4345  3898  4465  4127  3779  3680  4128,
             4346  4580  4705  4238  4129  4581  4130  4706  4239  4131,
             4466  4010  4132  4582  4011  4133  4707  3780  4134  4012,
             3781  4240  4708  4833  4241  3782  4347  4583  4013  4135,
             4584  3783  4467  4585  4014  4348  4468  4136  4349  4586,
             4015  4242  4350  4137  4469  4016  4587  4351  9393  9508,
             9630  9509  9048  9394  9049  9510  9050  9631  9051  9395,
             9052  9396  9053  9174  9054  9175  9397  9286  9398  9511,
             9055  9512  9056  9513  9287  9399  9632  9980 10096  9859,
             9633  9860  9750  9981 10097  9861  9982  9751  9514  9862,
            10098  9288  9400  9515  9752  9863  9753  9864  9176  9634,
            10218 10099 10219  9516  9517 10220  9177 10221  9289  9401,
            10100  9518  9635 10222  9402 10223  9403  9636  9404  9637,
             9178  9865  9179  9290 10224  9405  9754 10342  9180  9406,
             9291  9407  9755  9983  9292  9408 10101 10225 10343  9984,
            10102  9519  9638  9520  9866  9521  9867  9293  9409  9756,
            10344  9868  9181  9639  9182 10103  9294  9522 10226  9523,
             9183  9524  9184  9985  9295  9410 10104  9525  9640 10227,
             9411 10228  9412  9641  9413  9757  9869 10105  9414  9296,
             9415  9986  9416  9758  9417  9987  9297  9418  9298  9419,
             9526 10467 10106  9527 10468 10593 10229  9642  9759 10594,
             9528  9870  9760 10469 10595 10721 10596  9643 10722  9761,
             9871 10597  9872 10723  9420 10345  9299 10107  9300  9421,
             9301  9529 10470 10108 10230  9988  9422  9302  9989  9303,
             9762 10231  9530 10109 10232  9645  9764  9531  9765  9532,
             9646 10110  9425 10111
 print totals
 compute domain integral
