c
domain dnr_019
 symmetric
 normal plane nx 0  ny -1.0  nz 0.0
 front nodes    926   1111   1296 linear verify
 function type b
 ignore crack face loading
 q-values     1111   1112   1113   1114   1115   1116   1117   1118,
              1119   1120   1121   1122   1123   1124   1125   1126,
              1127   1128   1129   1130   1131   1132   1133   1134,
              1135   1136   1137   1138   1139   1140   1141   1142,
              1143   1144   1145   1146   1147   1148   1149   1150,
              1151   1152   1153   1154   1155   1156   1157   1158,
              1159   1160   1161   1162   1163   1164   1165   1166,
              1167   1168   1169   1170   1171   1172   1173   1174,
              1175   1176   1177   1178   1179   1180   1181   1182,
              1183   1184   1185   1186   1187   1188   1189   1190,
              1191   1192   1193   1194   1195   1196   1197   1198,
              1199   1200   1201   1202   1203   1204   1205   1206,
              1207   1208   1209   1210   1211   1212   1213   1214,
              1215   1216   1217   1218   1219   1220   1221   1222,
              1223   1224   1225   1226   1227   1228   1229   1230,
              1231   1232   1233   1234   1235   1236   1237   1238,
              1239   1240   1241   1242   1243   1244   1245   1246,
              1247   1248   1249   1250   1251   1252   1253   1254,
              1255   1256   1257   1258   1259   1260   1261   1262,
              1263   1264   1265   1266   1267   1268   1269   1270,
              1271   1272   1273   1274   1275   1276   1277   1278,
              1279   1280   1281   1282   1283   1284   1285   1286,
              1287   1288   1289   1290   1291   1292   1293   1294,
              1295   6584   6585   6586   6587   6588   6589   6590,
              6591   6592   6593   6594   6595   6596   6597   6598,
              6599   6600   6601   6602   6603   6604   6605   6606,
              6607   6608   6609   6610   6611   6612   6613   6614,
              6615   6616   6617   6618   6619   6620   6621   6622,
              6623   6624   6625   6626   6627   6628   6629   6630,
              6631   6632   6633   6634   6635   6636   6637   6638,
              6639   6640   6641   6642   6643   6644   6645   6646,
              6647   6648   6649   6650   6651   6652   6653   6654,
              6655   6656   6657   6658   6659   6660   6661   6662,
              6663   6664   6665   6666   6667   6668   6669   6670,
              6671   6672   6673   6674   6675   6676   6677   6678,
              6679   6680   6681   6682   6683   6684   6685   6686,
              6687   6688   6689   6690   6691   6692   6693   6694,
              6695   6696   6697   6698   6699   6700   6701   6702,
              6703   6704   6705   6706   6707   6708   6709   6710,
              6711   6712   6713   6714   6715   6716   6717   6718,
              6719   6720   6721   6722   6723   6724   6725   6726,
              6727   6728   6729   6730   6731   6732   6733   6734,
              6735   6736 1.000
 elements     297   425   298   426   299   427   300   428   301   429,
              302   430   303   431   304   432   305   433   306   434,
              307   435   308   436   309   437   310   438   311   439,
              312   440   313   441   314   442   315   443   316   444,
               61   189    62   190    63   191    64   192    65   193,
               66   194    67   195    68   196    69   197    70   198,
               71   199    72   200    73   201    74   202    75   203,
               76   204    77   205    78   206    79   207    80   208,
             1699  1823  1700  1824  1701  1825  1702  1826  1703  1827,
             1704  1828  1705  1829  1706  1830  1707  1831  1708  1832,
             1709  1833  1710  1834  1711  1835  1712  1836  1713  1837,
             1714  1838  1715  1839  1716  1840  1717  1841  1718  1842,
             1719  1843  1720  1570  1933  2059  1721  1934  2060  1844,
             1935  2061  1722  1936  2062  1845  1937  2063  1723  1938,
             2064  1846  1939  2065  1724  1940  2066  1847  1941  2067,
             1725  1942  2068  1848  1943  2069  1726  1944  2070  1849,
             1945  2071  1727  1946  2072  1850  1947  2073  1728  1948,
             2074  1851  1949  2075  1729  1950  2076  1852  1951  2077,
             1730  1952  2078  1853  1953  2079  1731  1954  1220  1342,
             1221  1343  1222  1344  1223  1345  1224  1346  1225  1347,
             1226  1348  1227  1349  1228  1350  1229  1351  1230  1352,
             1231  1353  1232  1354  1233  1355  1234  1356  1235  1357,
             1236  1358  1237  1359  1238  1360  1239  1361  1240  1362,
             1241  1446  1447  1571  1242  1448  1572  1363  1449  1573,
             1243  1450  1574  1364  1451  1575  1244  1452  1576  1365,
             1453  1577  1245  1454  1578  1366  1455  1579  1246  1456,
             1580  1367  1457  1581  1247  1458  1582  1368  1459  1583,
             1248  1460  1584  1369  1461  1585  2145  1462  1586  1370,
             1463  1587  2146  1464  1588  1371  1465  1589  2147  1466,
             1590  1372  1467  1591  2148  1468  4572  4681  4573  4682,
             4574  4683  4575  4684  4576  4685  5262  4686  5263  4687,
             5264  4688  5265  4689  5266  4690  5267  4691  5268  4692,
             5269  4693  5270  4694  5271  5381  5272  5382  5273  5383,
             5274  5384  5275  5385  5494  5386  5495  5387  5496  5388,
             5497  5389  5498  5390  5499  5616  5500  5617  5501  5618,
             5502  5619  4695  5503  4696  5504  4697  5505  4698  5506,
             4699  5620  4700  5276  4701  5277  4702  5278  4703  5279,
             4704  5280  5738  5281  4804  5282  4805  5283  4806  5284,
             5285  5621  5739  5622  5740  5286  5623  5741  5391  5742,
             5392  5507  5393  5624  5394  5508  5625  5509  5626  5510,
             5627  5863  5628  5511  5629  5743  5864  5512  4807  5988,
             4808  4925  4809  4926  4810  5513  4811  4927  4812  5287,
             4813  4928  4814  5288  4815  4929  4816  4930  4817  4931,
             4818  4932  4819  4933  4820  5289  5047  5168  5048  5169,
             5049  5170  5050  5171  5051  5172  5052  5173  5053  5174,
             4934  5290  5989  5291  5990  5292  5991  5293  6113  5294,
             5395  5744  5396  6114  4828  4942  4829  4943  4830  4944,
             4831  4945  4832  4946  5054  4947  5055  4948  5056  4949,
             5057  4950  5058  4951  5059  4952  5060  4953  5061  4954,
             5062  4955  5063  5175  5064  5176  5065  5177  5066  5178,
             5067  5179  5747  5180  5634  5181  5635  5182  5636  5183,
             5637  5184  5865  5185  5400  5186  5401  5187  5402  5188,
             4956  5866  4957  5867  4958  5868  4959  5869  4960  5870,
             5068  5871  5069  5748  5070  5749  5071  5750  5072  5992,
             5073  5993  5074  5751  5075  5994  5076  5752  5077  5189,
             5078  5190  5079  5191  5080  5192  5081  5193  5995  5194,
             5996  5195  5872  5196  5403  5197  5404  5198  5405  5199,
             5406  5200  5407  5201  5408  5202  5409  5517  5410  5297,
             5411  5518  5412  5298  5638  5519  5639  5753  5873  5520,
             5754  5997  5755  5874  5756  5299  5757  5300  5998  5301,
             5875  5302  5640  5082  5641  5758  5642  5759  5413  6115,
             5414  5643  5415  5521  5644  5522  5999  5523  5876  6116,
             5877  6117  5878  5760  5879  6241  6000  6242  5880  6118,
             5881  5761
 print totals
 compute domain integral
c
domain dnr_020
 symmetric
 normal plane nx 0  ny -1.0  nz 0.0
 front nodes    926   1111   1296 linear verify
 function type b
 ignore crack face loading
 q-values     1111   1112   1113   1114   1115   1116   1117   1118,
              1119   1120   1121   1122   1123   1124   1125   1126,
              1127   1128   1129   1130   1131   1132   1133   1134,
              1135   1136   1137   1138   1139   1140   1141   1142,
              1143   1144   1145   1146   1147   1148   1149   1150,
              1151   1152   1153   1154   1155   1156   1157   1158,
              1159   1160   1161   1162   1163   1164   1165   1166,
              1167   1168   1169   1170   1171   1172   1173   1174,
              1175   1176   1177   1178   1179   1180   1181   1182,
              1183   1184   1185   1186   1187   1188   1189   1190,
              1191   1192   1193   1194   1195   1196   1197   1198,
              1199   1200   1201   1202   1203   1204   1205   1206,
              1207   1208   1209   1210   1211   1212   1213   1214,
              1215   1216   1217   1218   1219   1220   1221   1222,
              1223   1224   1225   1226   1227   1228   1229   1230,
              1231   1232   1233   1234   1235   1236   1237   1238,
              1239   1240   1241   1242   1243   1244   1245   1246,
              1247   1248   1249   1250   1251   1252   1253   1254,
              1255   1256   1257   1258   1259   1260   1261   1262,
              1263   1264   1265   1266   1267   1268   1269   1270,
              1271   1272   1273   1274   1275   1276   1277   1278,
              1279   1280   1281   1282   1283   1284   1285   1286,
              1287   1288   1289   1290   1291   1292   1293   1294,
              1295   6584   6585   6586   6587   6588   6589   6590,
              6591   6592   6593   6594   6595   6596   6597   6598,
              6599   6600   6601   6602   6603   6604   6605   6606,
              6607   6608   6609   6610   6611   6612   6613   6614,
              6615   6616   6617   6618   6619   6620   6621   6622,
              6623   6624   6625   6626   6627   6628   6629   6630,
              6631   6632   6633   6634   6635   6636   6637   6638,
              6639   6640   6641   6642   6643   6644   6645   6646,
              6647   6648   6649   6650   6651   6652   6653   6654,
              6655   6656   6657   6658   6659   6660   6661   6662,
              6663   6664   6665   6666   6667   6668   6669   6670,
              6671   6672   6673   6674   6675   6676   6677   6678,
              6679   6680   6681   6682   6683   6684   6685   6686,
              6687   6688   6689   6690   6691   6692   6693   6694,
              6695   6696   6697   6698   6699   6700   6701   6702,
              6703   6704   6705   6706   6707   6708   6709   6710,
              6711   6712   6713   6714   6715   6716   6717   6718,
              6719   6720   6721   6722   6723   6724   6725   6726,
              6727   6728   6729   6730   6731   6732   6733   6734,
              6735   6736   6737   6738   6739   6740   6741   6742,
              6743   6744   6745   6746   6747   6748   6749   6750,
              6751 1.000
 elements     297   425   298   426   299   427   300   428   301   429,
              302   430   303   431   304   432   305   433   306   434,
              307   435   308   436   309   437   310   438   311   439,
              312   440   313   441   314   442   315   443   316   444,
               61   189    62   190    63   191    64   192    65   193,
               66   194    67   195    68   196    69   197    70   198,
               71   199    72   200    73   201    74   202    75   203,
               76   204    77   205    78   206    79   207    80   208,
             1699  1823  1700  1824  1701  1825  1702  1826  1703  1827,
             1704  1828  1705  1829  1706  1830  1707  1831  1708  1832,
             1709  1833  1710  1834  1711  1835  1712  1836  1713  1837,
             1714  1838  1715  1839  1716  1840  1717  1841  1718  1842,
             1719  1843  1720  1570  1933  2059  1721  1934  2060  1844,
             1935  2061  1722  1936  2062  1845  1937  2063  1723  1938,
             2064  1846  1939  2065  1724  1940  2066  1847  1941  2067,
             1725  1942  2068  1848  1943  2069  1726  1944  2070  1849,
             1945  2071  1727  1946  2072  1850  1947  2073  1728  1948,
             2074  1851  1949  2075  1729  1950  2076  1852  1951  2077,
             1730  1952  2078  1853  1953  2079  1731  1954  1220  1342,
             1221  1343  1222  1344  1223  1345  1224  1346  1225  1347,
             1226  1348  1227  1349  1228  1350  1229  1351  1230  1352,
             1231  1353  1232  1354  1233  1355  1234  1356  1235  1357,
             1236  1358  1237  1359  1238  1360  1239  1361  1240  1362,
             1241  1446  1447  1571  1242  1448  1572  1363  1449  1573,
             1243  1450  1574  1364  1451  1575  1244  1452  1576  1365,
             1453  1577  1245  1454  1578  1366  1455  1579  1246  1456,
             1580  1367  1457  1581  1247  1458  1582  1368  1459  1583,
             1248  1460  1584  1369  1461  1585  2145  1462  1586  1370,
             1463  1587  2146  1464  1588  1371  1465  1589  2147  1466,
             1590  1372  1467  1591  2148  1468  4572  4681  4573  4682,
             4574  4683  4575  4684  4576  4685  5262  4686  5263  4687,
             5264  4688  5265  4689  5266  4690  5267  4691  5268  4692,
             5269  4693  5270  4694  5271  5381  5272  5382  5273  5383,
             5274  5384  5275  5385  5494  5386  5495  5387  5496  5388,
             5497  5389  5498  5390  5499  5616  5500  5617  5501  5618,
             5502  5619  4695  5503  4696  5504  4697  5505  4698  5506,
             4699  5620  4700  5276  4701  5277  4702  5278  4703  5279,
             4704  5280  5738  5281  4804  5282  4805  5283  4806  5284,
             5285  5621  5739  5622  5740  5286  5623  5741  5391  5742,
             5392  5507  5393  5624  5394  5508  5625  5509  5626  5510,
             5627  5863  5628  5511  5629  5743  5864  5512  4807  5988,
             4808  4925  4809  4926  4810  5513  4811  4927  4812  5287,
             4813  4928  4814  5288  4815  4929  4816  4930  4817  4931,
             4818  4932  4819  4933  4820  5289  5047  5168  5048  5169,
             5049  5170  5050  5171  5051  5172  5052  5173  5053  5174,
             4934  5290  5989  5291  5990  5292  5991  5293  6113  5294,
             5395  5744  5396  6114  4821  5514  4822  4935  4823  4936,
             4824  4937  4825  4938  4826  4939  4827  4940  4828  4942,
             4829  4943  4830  4944  4831  4945  4832  4946  5054  4947,
             5055  4948  5056  4949  5057  4950  5058  4951  5059  4952,
             5060  4953  5061  4954  5062  4955  5063  5175  5064  5176,
             5065  5177  5066  5178  5067  5179  5747  5180  5634  5181,
             5635  5182  5636  5183  5637  5184  5865  5185  5400  5186,
             5401  5187  5402  5188  4956  5866  4957  5867  4958  5868,
             4959  5869  4960  5870  5068  5871  5069  5748  5070  5749,
             5071  5750  5072  5992  5073  5993  5074  5751  5075  5994,
             5076  5752  5077  5189  5078  5190  5079  5191  5080  5192,
             5081  5193  5995  5194  5996  5195  5872  5196  5403  5197,
             5404  5198  5405  5199  5406  5200  5407  5201  5408  5202,
             5409  5517  5410  5297  5411  5518  5412  5298  5638  5519,
             5639  5753  5873  5520  5754  5997  5755  5874  5756  5299,
             5757  5300  5998  5301  5875  5302  5640  5082  5641  5758,
             5642  5759  5413  6115  5414  5643  5415  5521  5644  5522,
             5999  5523  5876  6116  5877  6117  5878  5760  5879  6241,
             6000  6242  5880  6118  5881  5761  5083  5203  5084  5204,
             5085  5205  5086  5206  5087  5207  5088  5208  5303  5209
 print totals
 compute domain integral
c
domain dnr_021
 symmetric
 normal plane nx 0  ny -1.0  nz 0.0
 front nodes    926   1111   1296 linear verify
 function type b
 ignore crack face loading
 q-values     1111   1112   1113   1114   1115   1116   1117   1118,
              1119   1120   1121   1122   1123   1124   1125   1126,
              1127   1128   1129   1130   1131   1132   1133   1134,
              1135   1136   1137   1138   1139   1140   1141   1142,
              1143   1144   1145   1146   1147   1148   1149   1150,
              1151   1152   1153   1154   1155   1156   1157   1158,
              1159   1160   1161   1162   1163   1164   1165   1166,
              1167   1168   1169   1170   1171   1172   1173   1174,
              1175   1176   1177   1178   1179   1180   1181   1182,
              1183   1184   1185   1186   1187   1188   1189   1190,
              1191   1192   1193   1194   1195   1196   1197   1198,
              1199   1200   1201   1202   1203   1204   1205   1206,
              1207   1208   1209   1210   1211   1212   1213   1214,
              1215   1216   1217   1218   1219   1220   1221   1222,
              1223   1224   1225   1226   1227   1228   1229   1230,
              1231   1232   1233   1234   1235   1236   1237   1238,
              1239   1240   1241   1242   1243   1244   1245   1246,
              1247   1248   1249   1250   1251   1252   1253   1254,
              1255   1256   1257   1258   1259   1260   1261   1262,
              1263   1264   1265   1266   1267   1268   1269   1270,
              1271   1272   1273   1274   1275   1276   1277   1278,
              1279   1280   1281   1282   1283   1284   1285   1286,
              1287   1288   1289   1290   1291   1292   1293   1294,
              1295   6584   6585   6586   6587   6588   6589   6590,
              6591   6592   6593   6594   6595   6596   6597   6598,
              6599   6600   6601   6602   6603   6604   6605   6606,
              6607   6608   6609   6610   6611   6612   6613   6614,
              6615   6616   6617   6618   6619   6620   6621   6622,
              6623   6624   6625   6626   6627   6628   6629   6630,
              6631   6632   6633   6634   6635   6636   6637   6638,
              6639   6640   6641   6642   6643   6644   6645   6646,
              6647   6648   6649   6650   6651   6652   6653   6654,
              6655   6656   6657   6658   6659   6660   6661   6662,
              6663   6664   6665   6666   6667   6668   6669   6670,
              6671   6672   6673   6674   6675   6676   6677   6678,
              6679   6680   6681   6682   6683   6684   6685   6686,
              6687   6688   6689   6690   6691   6692   6693   6694,
              6695   6696   6697   6698   6699   6700   6701   6702,
              6703   6704   6705   6706   6707   6708   6709   6710,
              6711   6712   6713   6714   6715   6716   6717   6718,
              6719   6720   6721   6722   6723   6724   6725   6726,
              6727   6728   6729   6730   6731   6732   6733   6734,
              6735   6736   6737   6738   6739   6740   6741   6742,
              6743   6744   6745   6746   6747   6748   6749   6750,
              6751   6752   6753   6754   6755   6756   6757   6758,
              6759   6760   6761   6762   6763   6764   6765   6766 1.000
 elements     297   425   298   426   299   427   300   428   301   429,
              302   430   303   431   304   432   305   433   306   434,
              307   435   308   436   309   437   310   438   311   439,
              312   440   313   441   314   442   315   443   316   444,
               61   189    62   190    63   191    64   192    65   193,
               66   194    67   195    68   196    69   197    70   198,
               71   199    72   200    73   201    74   202    75   203,
               76   204    77   205    78   206    79   207    80   208,
             1699  1823  1700  1824  1701  1825  1702  1826  1703  1827,
             1704  1828  1705  1829  1706  1830  1707  1831  1708  1832,
             1709  1833  1710  1834  1711  1835  1712  1836  1713  1837,
             1714  1838  1715  1839  1716  1840  1717  1841  1718  1842,
             1719  1843  1720  1570  1933  2059  1721  1934  2060  1844,
             1935  2061  1722  1936  2062  1845  1937  2063  1723  1938,
             2064  1846  1939  2065  1724  1940  2066  1847  1941  2067,
             1725  1942  2068  1848  1943  2069  1726  1944  2070  1849,
             1945  2071  1727  1946  2072  1850  1947  2073  1728  1948,
             2074  1851  1949  2075  1729  1950  2076  1852  1951  2077,
             1730  1952  2078  1853  1953  2079  1731  1954  1220  1342,
             1221  1343  1222  1344  1223  1345  1224  1346  1225  1347,
             1226  1348  1227  1349  1228  1350  1229  1351  1230  1352,
             1231  1353  1232  1354  1233  1355  1234  1356  1235  1357,
             1236  1358  1237  1359  1238  1360  1239  1361  1240  1362,
             1241  1446  1447  1571  1242  1448  1572  1363  1449  1573,
             1243  1450  1574  1364  1451  1575  1244  1452  1576  1365,
             1453  1577  1245  1454  1578  1366  1455  1579  1246  1456,
             1580  1367  1457  1581  1247  1458  1582  1368  1459  1583,
             1248  1460  1584  1369  1461  1585  2145  1462  1586  1370,
             1463  1587  2146  1464  1588  1371  1465  1589  2147  1466,
             1590  1372  1467  1591  2148  1468  4572  4681  4573  4682,
             4574  4683  4575  4684  4576  4685  5262  4686  5263  4687,
             5264  4688  5265  4689  5266  4690  5267  4691  5268  4692,
             5269  4693  5270  4694  5271  5381  5272  5382  5273  5383,
             5274  5384  5275  5385  5494  5386  5495  5387  5496  5388,
             5497  5389  5498  5390  5499  5616  5500  5617  5501  5618,
             5502  5619  4695  5503  4696  5504  4697  5505  4698  5506,
             4699  5620  4700  5276  4701  5277  4702  5278  4703  5279,
             4704  5280  5738  5281  4804  5282  4805  5283  4806  5284,
             5285  5621  5739  5622  5740  5286  5623  5741  5391  5742,
             5392  5507  5393  5624  5394  5508  5625  5509  5626  5510,
             5627  5863  5628  5511  5629  5743  5864  5512  4807  5988,
             4808  4925  4809  4926  4810  5513  4811  4927  4812  5287,
             4813  4928  4814  5288  4815  4929  4816  4930  4817  4931,
             4818  4932  4819  4933  4820  5289  5047  5168  5048  5169,
             5049  5170  5050  5171  5051  5172  5052  5173  5053  5174,
             4934  5290  5989  5291  5990  5292  5991  5293  6113  5294,
             5395  5744  5396  6114  4821  5514  4822  4935  4823  4936,
             4824  4937  4825  4938  4826  4939  4827  4940  4941  5630,
             5745  5515  5631  5295  5632  5296  5633  5397  5746  5398,
             5516  5399  4828  4942  4829  4943  4830  4944  4831  4945,
             4832  4946  5054  4947  5055  4948  5056  4949  5057  4950,
             5058  4951  5059  4952  5060  4953  5061  4954  5062  4955,
             5063  5175  5064  5176  5065  5177  5066  5178  5067  5179,
             5747  5180  5634  5181  5635  5182  5636  5183  5637  5184,
             5865  5185  5400  5186  5401  5187  5402  5188  4956  5866,
             4957  5867  4958  5868  4959  5869  4960  5870  5068  5871,
             5069  5748  5070  5749  5071  5750  5072  5992  5073  5993,
             5074  5751  5075  5994  5076  5752  5077  5189  5078  5190,
             5079  5191  5080  5192  5081  5193  5995  5194  5996  5195,
             5872  5196  5403  5197  5404  5198  5405  5199  5406  5200,
             5407  5201  5408  5202  5409  5517  5410  5297  5411  5518,
             5412  5298  5638  5519  5639  5753  5873  5520  5754  5997,
             5755  5874  5756  5299  5757  5300  5998  5301  5875  5302,
             5640  5082  5641  5758  5642  5759  5413  6115  5414  5643,
             5415  5521  5644  5522  5999  5523  5876  6116  5877  6117,
             5878  5760  5879  6241  6000  6242  5880  6118  5881  5761,
             5083  5203  5084  5204  5085  5205  5086  5206  5087  5207,
             5088  5208  5303  5209  5304  5882  5305  5416  5762  5417,
             5524  5418  5525  5306  5526  5645  5763  5646
 print totals
 compute domain integral
