c
domain dnr_058
 symmetric
 normal plane nx 0  ny -1.0  nz 0.0
 front nodes   3331   3516   3701 linear verify
 function type b
 ignore crack face loading
 q-values     3516   3517   3518   3519   3520   3521   3522   3523,
              3524   3525   3526   3527   3528   3529   3530   3531,
              3532   3533   3534   3535   3536   3537   3538   3539,
              3540   3541   3542   3543   3544   3545   3546   3547,
              3548   3549   3550   3551   3552   3553   3554   3555,
              3556   3557   3558   3559   3560   3561   3562   3563,
              3564   3565   3566   3567   3568   3569   3570   3571,
              3572   3573   3574   3575   3576   3577   3578   3579,
              3580   3581   3582   3583   3584   3585   3586   3587,
              3588   3589   3590   3591   3592   3593   3594   3595,
              3596   3597   3598   3599   3600   3601   3602   3603,
              3604   3605   3606   3607   3608   3609   3610   3611,
              3612   3613   3614   3615   3616   3617   3618   3619,
              3620   3621   3622   3623   3624   3625   3626   3627,
              3628   3629   3630   3631   3632   3633   3634   3635,
              3636   3637   3638   3639   3640   3641   3642   3643,
              3644   3645   3646   3647   3648   3649   3650   3651,
              3652   3653   3654   3655   3656   3657   3658   3659,
              3660   3661   3662   3663   3664   3665   3666   3667,
              3668   3669   3670   3671   3672   3673   3674   3675,
              3676   3677   3678   3679   3680   3681   3682   3683,
              3684   3685   3686   3687   3688   3689   3690   3691,
              3692   3693   3694   3695   3696   3697   3698   3699,
              3700   9203   9204   9205   9206   9207   9208   9209,
              9210   9211   9212   9213   9214   9215   9216   9217,
              9218   9219   9220   9221   9222   9223   9224   9225,
              9226   9227   9228   9229   9230   9231   9232   9233,
              9234   9235   9236   9237   9238   9239   9240   9241,
              9242   9243   9244   9245   9246   9247   9248   9249,
              9250   9251   9252   9253   9254   9255   9256   9257,
              9258   9259   9260   9261   9262   9263   9264   9265,
              9266   9267   9268   9269   9270   9271   9272   9273,
              9274   9275   9276   9277   9278   9279   9280   9281,
              9282   9283   9284   9285   9286   9287   9288   9289,
              9290   9291   9292   9293   9294   9295   9296   9297,
              9298   9299   9300   9301   9302   9303   9304   9305,
              9306   9307   9308   9309   9310   9311   9312   9313,
              9314   9315   9316   9317   9318   9319   9320   9321,
              9322   9323   9324   9325   9326   9327   9328   9329,
              9330   9331   9332   9333   9334   9335   9336   9337,
              9338   9339   9340   9341   9342   9343   9344   9345,
              9346   9347   9348   9349   9350   9351   9352   9353,
              9354   9355 1.000
 elements     565   693   566   694   567   695   568   696   569   697,
              570   698   571   699   572   700   573   701   574   702,
              575   703   576   704   577   705   578   706   579   707,
              580   708   581   709   582   710   583   711   584   712,
              821   949   822   950   823   951   824   952   825   953,
              826   954   827   955   828   956   829   957   830   958,
              831   959   832   960   833   961   834   962   835   963,
              836   964   837   965   838   966   839   967   840   968,
             2752  2868  2753  2869  2998  3117  2999  3118  3203  2870,
             2754  2871  2755  2872  2756  2873  2757  2874  2758  2875,
             2759  2876  2760  2877  2761  2878  2762  2879  2763  2880,
             2764  2881  2765  2882  2766  2883  2767  2884  3000  2885,
             3001  3435  3002  2886  3204  3436  2768  3205  3437  2887,
             3206  3315  3003  3438  3316  3119  3439  3317  2769  3207,
             3318  2888  3208  3440  2770  3209  3682  2889  3210  3319,
             2771  3211  3320  2890  3212  3321  2772  3213  3322  2891,
             3214  3323  2773  3004  3324  2892  3005  3441  2774  3215,
             3559  2893  3216  3560  2775  3217  3561  2894  3218  3683,
             2776  3809  3325  2895  3684  2777  3006  3219  3007  3120,
             3008  3121  2778  2896  2779  2897  2780  3009  3122  3010,
             3123  3011  3124  3012  3125  3013  3126  3014  3127  3015,
             3128  3016  3129  3442  3130  3220  3131  3326  3017  3132,
             3018  3133  3019  3134  3020  3135  2781  3136  3221  3137,
             3327  2782  3328  3562  3021  3329  3563  3138  3685  3564,
             2783  3222  3565  2898  3686  3566  3022  3443  3567  3139,
             3687  3330  3023  3568  3331  3140  3444  3569  3024  3445,
             3570  3141  3446  3571  3025  3447  3572  3142  3688  3573,
             3448  3689  3449  3143  3574  3690  3810  3937  3332  3026,
             3450  3333  3144  3451  3334  3027  3452  3335  3145  3223,
             3453  3575  3811  2899  3146  3576  7255  7835  7256  7947,
             7379  7948  7606  7257  7721  7258  7380  7259  7489  7260,
             7381  7261  7490  7262  7382  7263  7383  7264  7836  7607,
             7837  7608  7838  7609  7949  8065  8184  8303  8185  8066,
             8186  8067  8187  8068  8188  8069  7722  8189  8304  8190,
             8305  7610  7839  8306  7840  8070  7950  8307  7951  8191,
             7952  8308  7384  8309  7385  8422  7611  8310  7612  8311,
             8423  8312  8424  8313  8425  8547  7491  8426  7386  8427,
             7387  7613  7388  7614  7841  7615  7842  8314  7843  7492,
             7953  8428  7493  7723  7844  8071  8192  7954  8072  7955,
             8073  7956  8193  7845  7957  8315  8074  7616  8548  7958,
             8429  7724  8430  7725  7959  8075  8431  7726  7389  8549,
             7960  8316  7961  8317  8674  8318  7494  8550  7495  7617,
             8432  7618  7496  7619  7390  7727  7391  7620  7392  7621,
             8551  7622  8194  8552  7497  7846  8433  8675  8076  7962,
             8077  7963  8553  8434  8078  8195  7728  8676  8435  8196,
             7498  8801  8197  8802  7623  8677  7847  8803  7624  8804,
             8079  8805  8929  8678  7502  7632  7503  7633  7504  7732,
             7505  7853  7506  7634  7507  7635  7854  7636  7508  7637,
             7733  7967  7509  7638  7510  7639  7511  7734  7512  7735,
             7513  7736  7737  8436  7738  7855  8554  7856  8437  7968,
             8555  7857  7739  7969  8679  7970  7740  7858  8082  8200,
             7741  7971  7742  8201  8438  8083  8439  8084  8440  8085,
             7514  7640  7972  8086  7515  7743  7516  7744  7517  7641,
             7518  7642  7519  7643  8087  7644  7520  7973  8088  8202,
             8556  8322  8557  8203  8558  7645  8559  7646  7745  7859,
             8204  8560  8205  8441  7860  8561  7861  7746  7862  7747,
             8089  7748  8206  7749  7863  8207  7864  7750  7865  7974,
             8090  8323  8442  7751  7975  8091  7647  8092  7648  8443,
             8806  7752  8930  7753  8208  8324  8209  8325  8680  8326,
             8093  8562  7976  8327  8444  8094  8328  8210  7866  8807,
             7867  8329  8808  8330  7754  7868  8563  7869  8445  7755,
             8211  7756  7870  7977  8446  7978  7757  7979  8212  8331,
             8447  9057  8931  8809  8932  7980  8564  8681  8332  9058,
             7871  8095
 print totals
 compute domain integral
c
domain dnr_059
 symmetric
 normal plane nx 0  ny -1.0  nz 0.0
 front nodes   3331   3516   3701 linear verify
 function type b
 ignore crack face loading
 q-values     3516   3517   3518   3519   3520   3521   3522   3523,
              3524   3525   3526   3527   3528   3529   3530   3531,
              3532   3533   3534   3535   3536   3537   3538   3539,
              3540   3541   3542   3543   3544   3545   3546   3547,
              3548   3549   3550   3551   3552   3553   3554   3555,
              3556   3557   3558   3559   3560   3561   3562   3563,
              3564   3565   3566   3567   3568   3569   3570   3571,
              3572   3573   3574   3575   3576   3577   3578   3579,
              3580   3581   3582   3583   3584   3585   3586   3587,
              3588   3589   3590   3591   3592   3593   3594   3595,
              3596   3597   3598   3599   3600   3601   3602   3603,
              3604   3605   3606   3607   3608   3609   3610   3611,
              3612   3613   3614   3615   3616   3617   3618   3619,
              3620   3621   3622   3623   3624   3625   3626   3627,
              3628   3629   3630   3631   3632   3633   3634   3635,
              3636   3637   3638   3639   3640   3641   3642   3643,
              3644   3645   3646   3647   3648   3649   3650   3651,
              3652   3653   3654   3655   3656   3657   3658   3659,
              3660   3661   3662   3663   3664   3665   3666   3667,
              3668   3669   3670   3671   3672   3673   3674   3675,
              3676   3677   3678   3679   3680   3681   3682   3683,
              3684   3685   3686   3687   3688   3689   3690   3691,
              3692   3693   3694   3695   3696   3697   3698   3699,
              3700   9203   9204   9205   9206   9207   9208   9209,
              9210   9211   9212   9213   9214   9215   9216   9217,
              9218   9219   9220   9221   9222   9223   9224   9225,
              9226   9227   9228   9229   9230   9231   9232   9233,
              9234   9235   9236   9237   9238   9239   9240   9241,
              9242   9243   9244   9245   9246   9247   9248   9249,
              9250   9251   9252   9253   9254   9255   9256   9257,
              9258   9259   9260   9261   9262   9263   9264   9265,
              9266   9267   9268   9269   9270   9271   9272   9273,
              9274   9275   9276   9277   9278   9279   9280   9281,
              9282   9283   9284   9285   9286   9287   9288   9289,
              9290   9291   9292   9293   9294   9295   9296   9297,
              9298   9299   9300   9301   9302   9303   9304   9305,
              9306   9307   9308   9309   9310   9311   9312   9313,
              9314   9315   9316   9317   9318   9319   9320   9321,
              9322   9323   9324   9325   9326   9327   9328   9329,
              9330   9331   9332   9333   9334   9335   9336   9337,
              9338   9339   9340   9341   9342   9343   9344   9345,
              9346   9347   9348   9349   9350   9351   9352   9353,
              9354   9355   9356   9357   9358   9359   9360   9361,
              9362   9363   9364   9365   9366   9367   9368   9369,
              9370 1.000
 elements     565   693   566   694   567   695   568   696   569   697,
              570   698   571   699   572   700   573   701   574   702,
              575   703   576   704   577   705   578   706   579   707,
              580   708   581   709   582   710   583   711   584   712,
              821   949   822   950   823   951   824   952   825   953,
              826   954   827   955   828   956   829   957   830   958,
              831   959   832   960   833   961   834   962   835   963,
              836   964   837   965   838   966   839   967   840   968,
             2752  2868  2753  2869  2998  3117  2999  3118  3203  2870,
             2754  2871  2755  2872  2756  2873  2757  2874  2758  2875,
             2759  2876  2760  2877  2761  2878  2762  2879  2763  2880,
             2764  2881  2765  2882  2766  2883  2767  2884  3000  2885,
             3001  3435  3002  2886  3204  3436  2768  3205  3437  2887,
             3206  3315  3003  3438  3316  3119  3439  3317  2769  3207,
             3318  2888  3208  3440  2770  3209  3682  2889  3210  3319,
             2771  3211  3320  2890  3212  3321  2772  3213  3322  2891,
             3214  3323  2773  3004  3324  2892  3005  3441  2774  3215,
             3559  2893  3216  3560  2775  3217  3561  2894  3218  3683,
             2776  3809  3325  2895  3684  2777  3006  3219  3007  3120,
             3008  3121  2778  2896  2779  2897  2780  3009  3122  3010,
             3123  3011  3124  3012  3125  3013  3126  3014  3127  3015,
             3128  3016  3129  3442  3130  3220  3131  3326  3017  3132,
             3018  3133  3019  3134  3020  3135  2781  3136  3221  3137,
             3327  2782  3328  3562  3021  3329  3563  3138  3685  3564,
             2783  3222  3565  2898  3686  3566  3022  3443  3567  3139,
             3687  3330  3023  3568  3331  3140  3444  3569  3024  3445,
             3570  3141  3446  3571  3025  3447  3572  3142  3688  3573,
             3448  3689  3449  3143  3574  3690  3810  3937  3332  3026,
             3450  3333  3144  3451  3334  3027  3452  3335  3145  3223,
             3453  3575  3811  2899  3146  3576  7255  7835  7256  7947,
             7379  7948  7606  7257  7721  7258  7380  7259  7489  7260,
             7381  7261  7490  7262  7382  7263  7383  7264  7836  7607,
             7837  7608  7838  7609  7949  8065  8184  8303  8185  8066,
             8186  8067  8187  8068  8188  8069  7722  8189  8304  8190,
             8305  7610  7839  8306  7840  8070  7950  8307  7951  8191,
             7952  8308  7384  8309  7385  8422  7611  8310  7612  8311,
             8423  8312  8424  8313  8425  8547  7491  8426  7386  8427,
             7387  7613  7388  7614  7841  7615  7842  8314  7843  7492,
             7953  8428  7493  7723  7844  8071  8192  7954  8072  7955,
             8073  7956  8193  7845  7957  8315  8074  7616  8548  7958,
             8429  7724  8430  7725  7959  8075  8431  7726  7389  8549,
             7960  8316  7961  8317  8674  8318  7494  8550  7495  7617,
             8432  7618  7496  7619  7390  7727  7391  7620  7392  7621,
             8551  7622  8194  8552  7497  7846  8433  8675  8076  7962,
             8077  7963  8553  8434  8078  8195  7728  8676  8435  8196,
             7498  8801  8197  8802  7623  8677  7847  8803  7624  8804,
             8079  8805  8929  8678  7625  7964  7626  7729  7848  7965,
             7627  7499  8080  7500  7628  7501  7629  7730  7502  7632,
             7503  7633  7504  7732  7505  7853  7506  7634  7507  7635,
             7854  7636  7508  7637  7733  7967  7509  7638  7510  7639,
             7511  7734  7512  7735  7513  7736  7737  8436  7738  7855,
             8554  7856  8437  7968  8555  7857  7739  7969  8679  7970,
             7740  7858  8082  8200  7741  7971  7742  8201  8438  8083,
             8439  8084  8440  8085  7514  7640  7972  8086  7515  7743,
             7516  7744  7517  7641  7518  7642  7519  7643  8087  7644,
             7520  7973  8088  8202  8556  8322  8557  8203  8558  7645,
             8559  7646  7745  7859  8204  8560  8205  8441  7860  8561,
             7861  7746  7862  7747  8089  7748  8206  7749  7863  8207,
             7864  7750  7865  7974  8090  8323  8442  7751  7975  8091,
             7647  8092  7648  8443  8806  7752  8930  7753  8208  8324,
             8209  8325  8680  8326  8093  8562  7976  8327  8444  8094,
             8328  8210  7866  8807  7867  8329  8808  8330  7754  7868,
             8563  7869  8445  7755  8211  7756  7870  7977  8446  7978,
             7757  7979  8212  8331  8447  9057  8931  8809  8932  7980,
             8564  8681  8332  9058  7871  8095  7758  8096  8565  7981,
             8213  7759  8214  7760  7872  7761  7873  7982  8333  7983
 print totals
 compute domain integral
c
domain dnr_060
 symmetric
 normal plane nx 0  ny -1.0  nz 0.0
 front nodes   3331   3516   3701 linear verify
 function type b
 ignore crack face loading
 q-values     3516   3517   3518   3519   3520   3521   3522   3523,
              3524   3525   3526   3527   3528   3529   3530   3531,
              3532   3533   3534   3535   3536   3537   3538   3539,
              3540   3541   3542   3543   3544   3545   3546   3547,
              3548   3549   3550   3551   3552   3553   3554   3555,
              3556   3557   3558   3559   3560   3561   3562   3563,
              3564   3565   3566   3567   3568   3569   3570   3571,
              3572   3573   3574   3575   3576   3577   3578   3579,
              3580   3581   3582   3583   3584   3585   3586   3587,
              3588   3589   3590   3591   3592   3593   3594   3595,
              3596   3597   3598   3599   3600   3601   3602   3603,
              3604   3605   3606   3607   3608   3609   3610   3611,
              3612   3613   3614   3615   3616   3617   3618   3619,
              3620   3621   3622   3623   3624   3625   3626   3627,
              3628   3629   3630   3631   3632   3633   3634   3635,
              3636   3637   3638   3639   3640   3641   3642   3643,
              3644   3645   3646   3647   3648   3649   3650   3651,
              3652   3653   3654   3655   3656   3657   3658   3659,
              3660   3661   3662   3663   3664   3665   3666   3667,
              3668   3669   3670   3671   3672   3673   3674   3675,
              3676   3677   3678   3679   3680   3681   3682   3683,
              3684   3685   3686   3687   3688   3689   3690   3691,
              3692   3693   3694   3695   3696   3697   3698   3699,
              3700   9203   9204   9205   9206   9207   9208   9209,
              9210   9211   9212   9213   9214   9215   9216   9217,
              9218   9219   9220   9221   9222   9223   9224   9225,
              9226   9227   9228   9229   9230   9231   9232   9233,
              9234   9235   9236   9237   9238   9239   9240   9241,
              9242   9243   9244   9245   9246   9247   9248   9249,
              9250   9251   9252   9253   9254   9255   9256   9257,
              9258   9259   9260   9261   9262   9263   9264   9265,
              9266   9267   9268   9269   9270   9271   9272   9273,
              9274   9275   9276   9277   9278   9279   9280   9281,
              9282   9283   9284   9285   9286   9287   9288   9289,
              9290   9291   9292   9293   9294   9295   9296   9297,
              9298   9299   9300   9301   9302   9303   9304   9305,
              9306   9307   9308   9309   9310   9311   9312   9313,
              9314   9315   9316   9317   9318   9319   9320   9321,
              9322   9323   9324   9325   9326   9327   9328   9329,
              9330   9331   9332   9333   9334   9335   9336   9337,
              9338   9339   9340   9341   9342   9343   9344   9345,
              9346   9347   9348   9349   9350   9351   9352   9353,
              9354   9355   9356   9357   9358   9359   9360   9361,
              9362   9363   9364   9365   9366   9367   9368   9369,
              9370   9371   9372   9373   9374   9375   9376   9377,
              9378   9379   9380   9381   9382   9383   9384   9385 1.000
 elements     565   693   566   694   567   695   568   696   569   697,
              570   698   571   699   572   700   573   701   574   702,
              575   703   576   704   577   705   578   706   579   707,
              580   708   581   709   582   710   583   711   584   712,
              821   949   822   950   823   951   824   952   825   953,
              826   954   827   955   828   956   829   957   830   958,
              831   959   832   960   833   961   834   962   835   963,
              836   964   837   965   838   966   839   967   840   968,
             2752  2868  2753  2869  2998  3117  2999  3118  3203  2870,
             2754  2871  2755  2872  2756  2873  2757  2874  2758  2875,
             2759  2876  2760  2877  2761  2878  2762  2879  2763  2880,
             2764  2881  2765  2882  2766  2883  2767  2884  3000  2885,
             3001  3435  3002  2886  3204  3436  2768  3205  3437  2887,
             3206  3315  3003  3438  3316  3119  3439  3317  2769  3207,
             3318  2888  3208  3440  2770  3209  3682  2889  3210  3319,
             2771  3211  3320  2890  3212  3321  2772  3213  3322  2891,
             3214  3323  2773  3004  3324  2892  3005  3441  2774  3215,
             3559  2893  3216  3560  2775  3217  3561  2894  3218  3683,
             2776  3809  3325  2895  3684  2777  3006  3219  3007  3120,
             3008  3121  2778  2896  2779  2897  2780  3009  3122  3010,
             3123  3011  3124  3012  3125  3013  3126  3014  3127  3015,
             3128  3016  3129  3442  3130  3220  3131  3326  3017  3132,
             3018  3133  3019  3134  3020  3135  2781  3136  3221  3137,
             3327  2782  3328  3562  3021  3329  3563  3138  3685  3564,
             2783  3222  3565  2898  3686  3566  3022  3443  3567  3139,
             3687  3330  3023  3568  3331  3140  3444  3569  3024  3445,
             3570  3141  3446  3571  3025  3447  3572  3142  3688  3573,
             3448  3689  3449  3143  3574  3690  3810  3937  3332  3026,
             3450  3333  3144  3451  3334  3027  3452  3335  3145  3223,
             3453  3575  3811  2899  3146  3576  7255  7835  7256  7947,
             7379  7948  7606  7257  7721  7258  7380  7259  7489  7260,
             7381  7261  7490  7262  7382  7263  7383  7264  7836  7607,
             7837  7608  7838  7609  7949  8065  8184  8303  8185  8066,
             8186  8067  8187  8068  8188  8069  7722  8189  8304  8190,
             8305  7610  7839  8306  7840  8070  7950  8307  7951  8191,
             7952  8308  7384  8309  7385  8422  7611  8310  7612  8311,
             8423  8312  8424  8313  8425  8547  7491  8426  7386  8427,
             7387  7613  7388  7614  7841  7615  7842  8314  7843  7492,
             7953  8428  7493  7723  7844  8071  8192  7954  8072  7955,
             8073  7956  8193  7845  7957  8315  8074  7616  8548  7958,
             8429  7724  8430  7725  7959  8075  8431  7726  7389  8549,
             7960  8316  7961  8317  8674  8318  7494  8550  7495  7617,
             8432  7618  7496  7619  7390  7727  7391  7620  7392  7621,
             8551  7622  8194  8552  7497  7846  8433  8675  8076  7962,
             8077  7963  8553  8434  8078  8195  7728  8676  8435  8196,
             7498  8801  8197  8802  7623  8677  7847  8803  7624  8804,
             8079  8805  8929  8678  7625  7964  7626  7729  7848  7965,
             7627  7499  8080  7500  7628  7501  7629  7730  7849  8319,
             7850  8320  7630  8081  7851  7966  7631  8198  8321  7731,
             8199  7852  7502  7632  7503  7633  7504  7732  7505  7853,
             7506  7634  7507  7635  7854  7636  7508  7637  7733  7967,
             7509  7638  7510  7639  7511  7734  7512  7735  7513  7736,
             7737  8436  7738  7855  8554  7856  8437  7968  8555  7857,
             7739  7969  8679  7970  7740  7858  8082  8200  7741  7971,
             7742  8201  8438  8083  8439  8084  8440  8085  7514  7640,
             7972  8086  7515  7743  7516  7744  7517  7641  7518  7642,
             7519  7643  8087  7644  7520  7973  8088  8202  8556  8322,
             8557  8203  8558  7645  8559  7646  7745  7859  8204  8560,
             8205  8441  7860  8561  7861  7746  7862  7747  8089  7748,
             8206  7749  7863  8207  7864  7750  7865  7974  8090  8323,
             8442  7751  7975  8091  7647  8092  7648  8443  8806  7752,
             8930  7753  8208  8324  8209  8325  8680  8326  8093  8562,
             7976  8327  8444  8094  8328  8210  7866  8807  7867  8329,
             8808  8330  7754  7868  8563  7869  8445  7755  8211  7756,
             7870  7977  8446  7978  7757  7979  8212  8331  8447  9057,
             8931  8809  8932  7980  8564  8681  8332  9058  7871  8095,
             7758  8096  8565  7981  8213  7759  8214  7760  7872  7761,
             7873  7982  8333  7983  8215  8448  8216  8097  8567  8334,
             8450  8335  8451  7985  8452  8100  8453  8101
 print totals
 compute domain integral
