c
domain dnr_061
 symmetric
 normal plane nx 0  ny -1.0  nz 0.0
 front nodes   3516   3701   3886 linear verify
 function type b
 ignore crack face loading
 q-values     3701   3702   3703   3704   3705   3706   3707   3708,
              3709   3710   3711   3712   3713   3714   3715   3716,
              3717   3718   3719   3720   3721   3722   3723   3724,
              3725   3726   3727   3728   3729   3730   3731   3732,
              3733   3734   3735   3736   3737   3738   3739   3740,
              3741   3742   3743   3744   3745   3746   3747   3748,
              3749   3750   3751   3752   3753   3754   3755   3756,
              3757   3758   3759   3760   3761   3762   3763   3764,
              3765   3766   3767   3768   3769   3770   3771   3772,
              3773   3774   3775   3776   3777   3778   3779   3780,
              3781   3782   3783   3784   3785   3786   3787   3788,
              3789   3790   3791   3792   3793   3794   3795   3796,
              3797   3798   3799   3800   3801   3802   3803   3804,
              3805   3806   3807   3808   3809   3810   3811   3812,
              3813   3814   3815   3816   3817   3818   3819   3820,
              3821   3822   3823   3824   3825   3826   3827   3828,
              3829   3830   3831   3832   3833   3834   3835   3836,
              3837   3838   3839   3840   3841   3842   3843   3844,
              3845   3846   3847   3848   3849   3850   3851   3852,
              3853   3854   3855   3856   3857   3858   3859   3860,
              3861   3862   3863   3864   3865   3866   3867   3868,
              3869   3870   3871   3872   3873   3874   3875   3876,
              3877   3878   3879   3880   3881   3882   3883   3884,
              3885   9401   9402   9403   9404   9405   9406   9407,
              9408   9409   9410   9411   9412   9413   9414   9415,
              9416   9417   9418   9419   9420   9421   9422   9423,
              9424   9425   9426   9427   9428   9429   9430   9431,
              9432   9433   9434   9435   9436   9437   9438   9439,
              9440   9441   9442   9443   9444   9445   9446   9447,
              9448   9449   9450   9451   9452   9453   9454   9455,
              9456   9457   9458   9459   9460   9461   9462   9463,
              9464   9465   9466   9467   9468   9469   9470   9471,
              9472   9473   9474   9475   9476   9477   9478   9479,
              9480   9481   9482   9483   9484   9485   9486   9487,
              9488   9489   9490   9491   9492   9493   9494   9495,
              9496   9497   9498   9499   9500   9501   9502   9503,
              9504   9505   9506   9507   9508   9509   9510   9511,
              9512   9513   9514   9515   9516   9517   9518   9519,
              9520   9521   9522   9523   9524   9525   9526   9527,
              9528   9529   9530   9531   9532   9533   9534   9535,
              9536   9537   9538   9539   9540   9541   9542   9543,
              9544   9545   9546   9547   9548   9549   9550   9551,
              9552   9553 1.000
 elements     821   949   822   950   823   951   824   952   825   953,
              826   954   827   955   828   956   829   957   830   958,
              831   959   832   960   833   961   834   962   835   963,
              836   964   837   965   838   966   839   967   840   968,
              585   713   586   714   587   715   588   716   589   717,
              590   718   591   719   592   720   593   721   594   722,
              595   723   596   724   597   725   598   726   599   727,
              600   728   601   729   602   730   603   731   604   732,
             3007  3120  3008  3121  2778  2896  2779  2897  2780  3009,
             3122  3010  3123  3011  3124  3012  3125  3013  3126  3014,
             3127  3015  3128  3016  3129  3442  3130  3220  3131  3326,
             3017  3132  3018  3133  3019  3134  3020  3135  2781  3136,
             3221  3137  3327  2782  3328  3562  3021  3329  3563  3138,
             3685  3564  2783  3222  3565  2898  3686  3566  3022  3443,
             3567  3139  3687  3330  3023  3568  3331  3140  3444  3569,
             3024  3445  3570  3141  3446  3571  3025  3447  3572  3142,
             3688  3573  3448  3689  3449  3143  3574  3690  3810  3937,
             3332  3026  3450  3333  3144  3451  3334  3027  3452  3335,
             3145  3223  3453  3575  3811  2899  3146  3576  2784  2900,
             3224  2901  3028  3147  3029  3148  3225  2902  3226  2903,
             3227  2904  3228  2905  3229  2906  3230  2907  3231  2908,
             3232  2909  3233  2910  3030  2911  3031  2912  3234  3577,
             3235  3578  3236  3579  3237  3580  3032  3336  3033  3454,
             3034  3238  3239  3455  3691  3812  3456  3240  3337  3457,
             3035  3338  3458  3149  3339  3813  3241  3340  3814  3938,
             3459  3815  3242  3460  3692  3939  3816  3341  3243  3693,
             3342  3817  3694  3343  3244  3695  3344  3818  3940  3345,
             3036  3819  3346  3245  3941  3461  4065  4193  3696  3246,
             3820  3697  3581  3821  3698  3247  3822  3699  3942  3823,
             3700  3037  3943  3701  3248  3824  7502  7632  7503  7633,
             7504  7732  7505  7853  7506  7634  7507  7635  7854  7636,
             7508  7637  7733  7967  7509  7638  7510  7639  7511  7734,
             7512  7735  7513  7736  7737  8436  7738  7855  8554  7856,
             8437  7968  8555  7857  7739  7969  8679  7970  7740  7858,
             8082  8200  7741  7971  7742  8201  8438  8083  8439  8084,
             8440  8085  7514  7640  7972  8086  7515  7743  7516  7744,
             7517  7641  7518  7642  7519  7643  8087  7644  7520  7973,
             8088  8202  8556  8322  8557  8203  8558  7645  8559  7646,
             7745  7859  8204  8560  8205  8441  7860  8561  7861  7746,
             7862  7747  8089  7748  8206  7749  7863  8207  7864  7750,
             7865  7974  8090  8323  8442  7751  7975  8091  7647  8092,
             7648  8443  8806  7752  8930  7753  8208  8324  8209  8325,
             8680  8326  8093  8562  7976  8327  8444  8094  8328  8210,
             7866  8807  7867  8329  8808  8330  7754  7868  8563  7869,
             8445  7755  8211  7756  7870  7977  8446  7978  7757  7979,
             8212  8331  8447  9057  8931  8809  8932  7980  8564  8681,
             8332  9058  7871  8095  7874  7987  8102  7988  8103  7989,
             8104  7765  8105  7990  8106  8218  7766  8107  8219  7991,
             8336  7875  8108  7876  8109  7877  7992  7878  7993  7879,
             7994  7880  8110  8220  8337  8221  8338  8222  8339  8223,
             8340  8224  8341  8454  8342  8455  8343  8456  8570  8457,
             8344  8458  8684  8810  8685  8345  8686  8225  8346  8226,
             7995  8571  8687  8459  7996  8111  8688  8112  8460  7997,
             8113  8227  7881  8572  8689  7998  8347  8690  8573  8811,
             8114  8933  7767  7882  7999  7883  8691  7768  8228  8348,
             7769  7884  8349  8574  8000  8350  8692  8575  8461  8001,
             8462  8002  7885  8463  8115  7770  8934  8003  8464  8693,
             8465  8694  8116  8229  8466  7886  8004  8467  8005  8117,
             8006  8118  8230  8119  8007  8120  8695  8576  7887  8577,
             8696  8351  8697  8812  9059  8231  8578  7771  8579  8232,
             8580  8698  8581  7772  8582  8699  9185  8352  8583  8008,
             8468  8813  8121  7773  8814  8122  8469  8233  8815  8935,
             8816  8700  9186  7888  9060  9187  8234  8936  9188  8701,
             8937  9061
 print totals
 compute domain integral
c
domain dnr_062
 symmetric
 normal plane nx 0  ny -1.0  nz 0.0
 front nodes   3516   3701   3886 linear verify
 function type b
 ignore crack face loading
 q-values     3701   3702   3703   3704   3705   3706   3707   3708,
              3709   3710   3711   3712   3713   3714   3715   3716,
              3717   3718   3719   3720   3721   3722   3723   3724,
              3725   3726   3727   3728   3729   3730   3731   3732,
              3733   3734   3735   3736   3737   3738   3739   3740,
              3741   3742   3743   3744   3745   3746   3747   3748,
              3749   3750   3751   3752   3753   3754   3755   3756,
              3757   3758   3759   3760   3761   3762   3763   3764,
              3765   3766   3767   3768   3769   3770   3771   3772,
              3773   3774   3775   3776   3777   3778   3779   3780,
              3781   3782   3783   3784   3785   3786   3787   3788,
              3789   3790   3791   3792   3793   3794   3795   3796,
              3797   3798   3799   3800   3801   3802   3803   3804,
              3805   3806   3807   3808   3809   3810   3811   3812,
              3813   3814   3815   3816   3817   3818   3819   3820,
              3821   3822   3823   3824   3825   3826   3827   3828,
              3829   3830   3831   3832   3833   3834   3835   3836,
              3837   3838   3839   3840   3841   3842   3843   3844,
              3845   3846   3847   3848   3849   3850   3851   3852,
              3853   3854   3855   3856   3857   3858   3859   3860,
              3861   3862   3863   3864   3865   3866   3867   3868,
              3869   3870   3871   3872   3873   3874   3875   3876,
              3877   3878   3879   3880   3881   3882   3883   3884,
              3885   9401   9402   9403   9404   9405   9406   9407,
              9408   9409   9410   9411   9412   9413   9414   9415,
              9416   9417   9418   9419   9420   9421   9422   9423,
              9424   9425   9426   9427   9428   9429   9430   9431,
              9432   9433   9434   9435   9436   9437   9438   9439,
              9440   9441   9442   9443   9444   9445   9446   9447,
              9448   9449   9450   9451   9452   9453   9454   9455,
              9456   9457   9458   9459   9460   9461   9462   9463,
              9464   9465   9466   9467   9468   9469   9470   9471,
              9472   9473   9474   9475   9476   9477   9478   9479,
              9480   9481   9482   9483   9484   9485   9486   9487,
              9488   9489   9490   9491   9492   9493   9494   9495,
              9496   9497   9498   9499   9500   9501   9502   9503,
              9504   9505   9506   9507   9508   9509   9510   9511,
              9512   9513   9514   9515   9516   9517   9518   9519,
              9520   9521   9522   9523   9524   9525   9526   9527,
              9528   9529   9530   9531   9532   9533   9534   9535,
              9536   9537   9538   9539   9540   9541   9542   9543,
              9544   9545   9546   9547   9548   9549   9550   9551,
              9552   9553   9554   9555   9556   9557   9558   9559,
              9560   9561   9562   9563   9564   9565   9566   9567,
              9568 1.000
 elements     821   949   822   950   823   951   824   952   825   953,
              826   954   827   955   828   956   829   957   830   958,
              831   959   832   960   833   961   834   962   835   963,
              836   964   837   965   838   966   839   967   840   968,
              585   713   586   714   587   715   588   716   589   717,
              590   718   591   719   592   720   593   721   594   722,
              595   723   596   724   597   725   598   726   599   727,
              600   728   601   729   602   730   603   731   604   732,
             3007  3120  3008  3121  2778  2896  2779  2897  2780  3009,
             3122  3010  3123  3011  3124  3012  3125  3013  3126  3014,
             3127  3015  3128  3016  3129  3442  3130  3220  3131  3326,
             3017  3132  3018  3133  3019  3134  3020  3135  2781  3136,
             3221  3137  3327  2782  3328  3562  3021  3329  3563  3138,
             3685  3564  2783  3222  3565  2898  3686  3566  3022  3443,
             3567  3139  3687  3330  3023  3568  3331  3140  3444  3569,
             3024  3445  3570  3141  3446  3571  3025  3447  3572  3142,
             3688  3573  3448  3689  3449  3143  3574  3690  3810  3937,
             3332  3026  3450  3333  3144  3451  3334  3027  3452  3335,
             3145  3223  3453  3575  3811  2899  3146  3576  2784  2900,
             3224  2901  3028  3147  3029  3148  3225  2902  3226  2903,
             3227  2904  3228  2905  3229  2906  3230  2907  3231  2908,
             3232  2909  3233  2910  3030  2911  3031  2912  3234  3577,
             3235  3578  3236  3579  3237  3580  3032  3336  3033  3454,
             3034  3238  3239  3455  3691  3812  3456  3240  3337  3457,
             3035  3338  3458  3149  3339  3813  3241  3340  3814  3938,
             3459  3815  3242  3460  3692  3939  3816  3341  3243  3693,
             3342  3817  3694  3343  3244  3695  3344  3818  3940  3345,
             3036  3819  3346  3245  3941  3461  4065  4193  3696  3246,
             3820  3697  3581  3821  3698  3247  3822  3699  3942  3823,
             3700  3037  3943  3701  3248  3824  7502  7632  7503  7633,
             7504  7732  7505  7853  7506  7634  7507  7635  7854  7636,
             7508  7637  7733  7967  7509  7638  7510  7639  7511  7734,
             7512  7735  7513  7736  7737  8436  7738  7855  8554  7856,
             8437  7968  8555  7857  7739  7969  8679  7970  7740  7858,
             8082  8200  7741  7971  7742  8201  8438  8083  8439  8084,
             8440  8085  7514  7640  7972  8086  7515  7743  7516  7744,
             7517  7641  7518  7642  7519  7643  8087  7644  7520  7973,
             8088  8202  8556  8322  8557  8203  8558  7645  8559  7646,
             7745  7859  8204  8560  8205  8441  7860  8561  7861  7746,
             7862  7747  8089  7748  8206  7749  7863  8207  7864  7750,
             7865  7974  8090  8323  8442  7751  7975  8091  7647  8092,
             7648  8443  8806  7752  8930  7753  8208  8324  8209  8325,
             8680  8326  8093  8562  7976  8327  8444  8094  8328  8210,
             7866  8807  7867  8329  8808  8330  7754  7868  8563  7869,
             8445  7755  8211  7756  7870  7977  8446  7978  7757  7979,
             8212  8331  8447  9057  8931  8809  8932  7980  8564  8681,
             8332  9058  7871  8095  7758  8096  8565  7981  8213  7759,
             8214  7760  7872  7761  7873  7982  8333  7983  7874  7987,
             8102  7988  8103  7989  8104  7765  8105  7990  8106  8218,
             7766  8107  8219  7991  8336  7875  8108  7876  8109  7877,
             7992  7878  7993  7879  7994  7880  8110  8220  8337  8221,
             8338  8222  8339  8223  8340  8224  8341  8454  8342  8455,
             8343  8456  8570  8457  8344  8458  8684  8810  8685  8345,
             8686  8225  8346  8226  7995  8571  8687  8459  7996  8111,
             8688  8112  8460  7997  8113  8227  7881  8572  8689  7998,
             8347  8690  8573  8811  8114  8933  7767  7882  7999  7883,
             8691  7768  8228  8348  7769  7884  8349  8574  8000  8350,
             8692  8575  8461  8001  8462  8002  7885  8463  8115  7770,
             8934  8003  8464  8693  8465  8694  8116  8229  8466  7886,
             8004  8467  8005  8117  8006  8118  8230  8119  8007  8120,
             8695  8576  7887  8577  8696  8351  8697  8812  9059  8231,
             8578  7771  8579  8232  8580  8698  8581  7772  8582  8699,
             9185  8352  8583  8008  8468  8813  8121  7773  8814  8122,
             8469  8233  8815  8935  8816  8700  9186  7888  9060  9187,
             8234  8936  9188  8701  8937  9061  7889  8009  7774  7890,
             8470  8010  8123  8702  8124  8817  8235  7775  8236  7776
 print totals
 compute domain integral
c
domain dnr_063
 symmetric
 normal plane nx 0  ny -1.0  nz 0.0
 front nodes   3516   3701   3886 linear verify
 function type b
 ignore crack face loading
 q-values     3701   3702   3703   3704   3705   3706   3707   3708,
              3709   3710   3711   3712   3713   3714   3715   3716,
              3717   3718   3719   3720   3721   3722   3723   3724,
              3725   3726   3727   3728   3729   3730   3731   3732,
              3733   3734   3735   3736   3737   3738   3739   3740,
              3741   3742   3743   3744   3745   3746   3747   3748,
              3749   3750   3751   3752   3753   3754   3755   3756,
              3757   3758   3759   3760   3761   3762   3763   3764,
              3765   3766   3767   3768   3769   3770   3771   3772,
              3773   3774   3775   3776   3777   3778   3779   3780,
              3781   3782   3783   3784   3785   3786   3787   3788,
              3789   3790   3791   3792   3793   3794   3795   3796,
              3797   3798   3799   3800   3801   3802   3803   3804,
              3805   3806   3807   3808   3809   3810   3811   3812,
              3813   3814   3815   3816   3817   3818   3819   3820,
              3821   3822   3823   3824   3825   3826   3827   3828,
              3829   3830   3831   3832   3833   3834   3835   3836,
              3837   3838   3839   3840   3841   3842   3843   3844,
              3845   3846   3847   3848   3849   3850   3851   3852,
              3853   3854   3855   3856   3857   3858   3859   3860,
              3861   3862   3863   3864   3865   3866   3867   3868,
              3869   3870   3871   3872   3873   3874   3875   3876,
              3877   3878   3879   3880   3881   3882   3883   3884,
              3885   9401   9402   9403   9404   9405   9406   9407,
              9408   9409   9410   9411   9412   9413   9414   9415,
              9416   9417   9418   9419   9420   9421   9422   9423,
              9424   9425   9426   9427   9428   9429   9430   9431,
              9432   9433   9434   9435   9436   9437   9438   9439,
              9440   9441   9442   9443   9444   9445   9446   9447,
              9448   9449   9450   9451   9452   9453   9454   9455,
              9456   9457   9458   9459   9460   9461   9462   9463,
              9464   9465   9466   9467   9468   9469   9470   9471,
              9472   9473   9474   9475   9476   9477   9478   9479,
              9480   9481   9482   9483   9484   9485   9486   9487,
              9488   9489   9490   9491   9492   9493   9494   9495,
              9496   9497   9498   9499   9500   9501   9502   9503,
              9504   9505   9506   9507   9508   9509   9510   9511,
              9512   9513   9514   9515   9516   9517   9518   9519,
              9520   9521   9522   9523   9524   9525   9526   9527,
              9528   9529   9530   9531   9532   9533   9534   9535,
              9536   9537   9538   9539   9540   9541   9542   9543,
              9544   9545   9546   9547   9548   9549   9550   9551,
              9552   9553   9554   9555   9556   9557   9558   9559,
              9560   9561   9562   9563   9564   9565   9566   9567,
              9568   9569   9570   9571   9572   9573   9574   9575,
              9576   9577   9578   9579   9580   9581   9582   9583 1.000
 elements     821   949   822   950   823   951   824   952   825   953,
              826   954   827   955   828   956   829   957   830   958,
              831   959   832   960   833   961   834   962   835   963,
              836   964   837   965   838   966   839   967   840   968,
              585   713   586   714   587   715   588   716   589   717,
              590   718   591   719   592   720   593   721   594   722,
              595   723   596   724   597   725   598   726   599   727,
              600   728   601   729   602   730   603   731   604   732,
             3007  3120  3008  3121  2778  2896  2779  2897  2780  3009,
             3122  3010  3123  3011  3124  3012  3125  3013  3126  3014,
             3127  3015  3128  3016  3129  3442  3130  3220  3131  3326,
             3017  3132  3018  3133  3019  3134  3020  3135  2781  3136,
             3221  3137  3327  2782  3328  3562  3021  3329  3563  3138,
             3685  3564  2783  3222  3565  2898  3686  3566  3022  3443,
             3567  3139  3687  3330  3023  3568  3331  3140  3444  3569,
             3024  3445  3570  3141  3446  3571  3025  3447  3572  3142,
             3688  3573  3448  3689  3449  3143  3574  3690  3810  3937,
             3332  3026  3450  3333  3144  3451  3334  3027  3452  3335,
             3145  3223  3453  3575  3811  2899  3146  3576  2784  2900,
             3224  2901  3028  3147  3029  3148  3225  2902  3226  2903,
             3227  2904  3228  2905  3229  2906  3230  2907  3231  2908,
             3232  2909  3233  2910  3030  2911  3031  2912  3234  3577,
             3235  3578  3236  3579  3237  3580  3032  3336  3033  3454,
             3034  3238  3239  3455  3691  3812  3456  3240  3337  3457,
             3035  3338  3458  3149  3339  3813  3241  3340  3814  3938,
             3459  3815  3242  3460  3692  3939  3816  3341  3243  3693,
             3342  3817  3694  3343  3244  3695  3344  3818  3940  3345,
             3036  3819  3346  3245  3941  3461  4065  4193  3696  3246,
             3820  3697  3581  3821  3698  3247  3822  3699  3942  3823,
             3700  3037  3943  3701  3248  3824  7502  7632  7503  7633,
             7504  7732  7505  7853  7506  7634  7507  7635  7854  7636,
             7508  7637  7733  7967  7509  7638  7510  7639  7511  7734,
             7512  7735  7513  7736  7737  8436  7738  7855  8554  7856,
             8437  7968  8555  7857  7739  7969  8679  7970  7740  7858,
             8082  8200  7741  7971  7742  8201  8438  8083  8439  8084,
             8440  8085  7514  7640  7972  8086  7515  7743  7516  7744,
             7517  7641  7518  7642  7519  7643  8087  7644  7520  7973,
             8088  8202  8556  8322  8557  8203  8558  7645  8559  7646,
             7745  7859  8204  8560  8205  8441  7860  8561  7861  7746,
             7862  7747  8089  7748  8206  7749  7863  8207  7864  7750,
             7865  7974  8090  8323  8442  7751  7975  8091  7647  8092,
             7648  8443  8806  7752  8930  7753  8208  8324  8209  8325,
             8680  8326  8093  8562  7976  8327  8444  8094  8328  8210,
             7866  8807  7867  8329  8808  8330  7754  7868  8563  7869,
             8445  7755  8211  7756  7870  7977  8446  7978  7757  7979,
             8212  8331  8447  9057  8931  8809  8932  7980  8564  8681,
             8332  9058  7871  8095  7758  8096  8565  7981  8213  7759,
             8214  7760  7872  7761  7873  7982  8333  7983  8215  8448,
             8216  8097  8567  8334  8450  8335  8451  7985  8452  8100,
             8453  8101  7874  7987  8102  7988  8103  7989  8104  7765,
             8105  7990  8106  8218  7766  8107  8219  7991  8336  7875,
             8108  7876  8109  7877  7992  7878  7993  7879  7994  7880,
             8110  8220  8337  8221  8338  8222  8339  8223  8340  8224,
             8341  8454  8342  8455  8343  8456  8570  8457  8344  8458,
             8684  8810  8685  8345  8686  8225  8346  8226  7995  8571,
             8687  8459  7996  8111  8688  8112  8460  7997  8113  8227,
             7881  8572  8689  7998  8347  8690  8573  8811  8114  8933,
             7767  7882  7999  7883  8691  7768  8228  8348  7769  7884,
             8349  8574  8000  8350  8692  8575  8461  8001  8462  8002,
             7885  8463  8115  7770  8934  8003  8464  8693  8465  8694,
             8116  8229  8466  7886  8004  8467  8005  8117  8006  8118,
             8230  8119  8007  8120  8695  8576  7887  8577  8696  8351,
             8697  8812  9059  8231  8578  7771  8579  8232  8580  8698,
             8581  7772  8582  8699  9185  8352  8583  8008  8468  8813,
             8121  7773  8814  8122  8469  8233  8815  8935  8816  8700,
             9186  7888  9060  9187  8234  8936  9188  8701  8937  9061,
             7889  8009  7774  7890  8470  8010  8123  8702  8124  8817,
             8235  7775  8236  7776  8353  8818  8354  8819  8703  8820,
             7894  8821  8237  8355  8939  8822  7897  8584
 print totals
 compute domain integral
