c
domain dnr_022
 symmetric
 normal plane nx 0  ny -1.0  nz 0.0
 front nodes   1111   1296   1481 linear verify
 function type b
 ignore crack face loading
 q-values     1296   1297   1298   1299   1300   1301   1302   1303,
              1304   1305   1306   1307   1308   1309   1310   1311,
              1312   1313   1314   1315   1316   1317   1318   1319,
              1320   1321   1322   1323   1324   1325   1326   1327,
              1328   1329   1330   1331   1332   1333   1334   1335,
              1336   1337   1338   1339   1340   1341   1342   1343,
              1344   1345   1346   1347   1348   1349   1350   1351,
              1352   1353   1354   1355   1356   1357   1358   1359,
              1360   1361   1362   1363   1364   1365   1366   1367,
              1368   1369   1370   1371   1372   1373   1374   1375,
              1376   1377   1378   1379   1380   1381   1382   1383,
              1384   1385   1386   1387   1388   1389   1390   1391,
              1392   1393   1394   1395   1396   1397   1398   1399,
              1400   1401   1402   1403   1404   1405   1406   1407,
              1408   1409   1410   1411   1412   1413   1414   1415,
              1416   1417   1418   1419   1420   1421   1422   1423,
              1424   1425   1426   1427   1428   1429   1430   1431,
              1432   1433   1434   1435   1436   1437   1438   1439,
              1440   1441   1442   1443   1444   1445   1446   1447,
              1448   1449   1450   1451   1452   1453   1454   1455,
              1456   1457   1458   1459   1460   1461   1462   1463,
              1464   1465   1466   1467   1468   1469   1470   1471,
              1472   1473   1474   1475   1476   1477   1478   1479,
              1480   6782   6783   6784   6785   6786   6787   6788,
              6789   6790   6791   6792   6793   6794   6795   6796,
              6797   6798   6799   6800   6801   6802   6803   6804,
              6805   6806   6807   6808   6809   6810   6811   6812,
              6813   6814   6815   6816   6817   6818   6819   6820,
              6821   6822   6823   6824   6825   6826   6827   6828,
              6829   6830   6831   6832   6833   6834   6835   6836,
              6837   6838   6839   6840   6841   6842   6843   6844,
              6845   6846   6847   6848   6849   6850   6851   6852,
              6853   6854   6855   6856   6857   6858   6859   6860,
              6861   6862   6863   6864   6865   6866   6867   6868,
              6869   6870   6871   6872   6873   6874   6875   6876,
              6877   6878   6879   6880   6881   6882   6883   6884,
              6885   6886   6887   6888   6889   6890   6891   6892,
              6893   6894   6895   6896   6897   6898   6899   6900,
              6901   6902   6903   6904   6905   6906   6907   6908,
              6909   6910   6911   6912   6913   6914   6915   6916,
              6917   6918   6919   6920   6921   6922   6923   6924,
              6925   6926   6927   6928   6929   6930   6931   6932,
              6933   6934 1.000
 elements      61   189    62   190    63   191    64   192    65   193,
               66   194    67   195    68   196    69   197    70   198,
               71   199    72   200    73   201    74   202    75   203,
               76   204    77   205    78   206    79   207    80   208,
              317   445   318   446   319   447   320   448   321   449,
              322   450   323   451   324   452   325   453   326   454,
              327   455   328   456   329   457   330   458   331   459,
              332   460   333   461   334   462   335   463   336   464,
             1220  1342  1221  1343  1222  1344  1223  1345  1224  1346,
             1225  1347  1226  1348  1227  1349  1228  1350  1229  1351,
             1230  1352  1231  1353  1232  1354  1233  1355  1234  1356,
             1235  1357  1236  1358  1237  1359  1238  1360  1239  1361,
             1240  1362  1241  1446  1447  1571  1242  1448  1572  1363,
             1449  1573  1243  1450  1574  1364  1451  1575  1244  1452,
             1576  1365  1453  1577  1245  1454  1578  1366  1455  1579,
             1246  1456  1580  1367  1457  1581  1247  1458  1582  1368,
             1459  1583  1248  1460  1584  1369  1461  1585  2145  1462,
             1586  1370  1463  1587  2146  1464  1588  1371  1465  1589,
             2147  1466  1590  1372  1467  1591  2148  1468  1732  1854,
             1733  1855  1734  1856  1735  1857  1736  1858  1737  1859,
             1738  1860  1739  1861  1740  1862  1741  1863  1742  1864,
             1743  1865  1744  1866  1745  1867  1746  1868  1747  1869,
             1748  1870  1749  1871  1750  1872  1751  1873  1752  1874,
             1753  1592  1955  2080  1754  1956  2081  1875  1957  2082,
             1755  1958  2083  1876  1959  2084  1756  1960  2085  1877,
             1961  2086  1757  1962  2087  1878  1963  2088  1758  1964,
             2089  1879  1965  2090  1759  1966  2091  1880  1967  2092,
             1760  1968  2093  1881  1969  2094  2273  1970  2095  1882,
             1971  2096  2274  1972  2097  1883  1973  2098  2275  1974,
             2099  1884  1975  2100  2276  1976  4828  4942  4829  4943,
             4830  4944  4831  4945  4832  4946  5054  4947  5055  4948,
             5056  4949  5057  4950  5058  4951  5059  4952  5060  4953,
             5061  4954  5062  4955  5063  5175  5064  5176  5065  5177,
             5066  5178  5067  5179  5747  5180  5634  5181  5635  5182,
             5636  5183  5637  5184  5865  5185  5400  5186  5401  5187,
             5402  5188  4956  5866  4957  5867  4958  5868  4959  5869,
             4960  5870  5068  5871  5069  5748  5070  5749  5071  5750,
             5072  5992  5073  5993  5074  5751  5075  5994  5076  5752,
             5077  5189  5078  5190  5079  5191  5080  5192  5081  5193,
             5995  5194  5996  5195  5872  5196  5403  5197  5404  5198,
             5405  5199  5406  5200  5407  5201  5408  5202  5409  5517,
             5410  5297  5411  5518  5412  5298  5638  5519  5639  5753,
             5873  5520  5754  5997  5755  5874  5756  5299  5757  5300,
             5998  5301  5875  5302  5640  5082  5641  5758  5642  5759,
             5413  6115  5414  5643  5415  5521  5644  5522  5999  5523,
             5876  6116  5877  6117  5878  5760  5879  6241  6000  6242,
             5880  6118  5881  5761  5307  5419  5308  5420  5309  5421,
             5310  5422  5311  5423  5312  5424  5313  5425  5314  5426,
             5315  5427  5316  5428  5317  5527  5318  5528  5319  5529,
             5320  5530  5531  5647  5532  5648  5533  5649  5534  5650,
             5535  5651  5536  6001  5537  5883  5538  5884  5539  5885,
             5540  5764  5652  5765  5653  5886  5654  5766  5655  5887,
             5321  5429  5322  5430  5323  5431  5324  5432  5325  5433,
             5326  5434  5327  5435  5328  6002  5329  6003  5330  6119,
             5331  5541  5332  5542  5333  5543  5334  5544  5656  5767,
             5657  5545  5658  5768  5659  5546  5769  6120  6243  5547,
             5660  6121  5661  5548  5662  5549  5663  5550  5664  5888,
             5665  6122  5666  5770  5889  6004  5335  6005  6244  5890,
             6006  5336  6007  5891  6008  5337  6369  5338  6245  5339,
             6370  5340  6123  5341  6124  5892  6009  6246  5771  6247,
             6371  6125  6248  5342  5210  6372  5211  6249  5212  6010,
             5213  6497  5214  6373  5215  5436  5216  5437  5343  6498,
             6625  6374  6499  6250  6626  6126  6627  6500  6628  6375,
             6501  6376
 print totals
 compute domain integral
c
domain dnr_023
 symmetric
 normal plane nx 0  ny -1.0  nz 0.0
 front nodes   1111   1296   1481 linear verify
 function type b
 ignore crack face loading
 q-values     1296   1297   1298   1299   1300   1301   1302   1303,
              1304   1305   1306   1307   1308   1309   1310   1311,
              1312   1313   1314   1315   1316   1317   1318   1319,
              1320   1321   1322   1323   1324   1325   1326   1327,
              1328   1329   1330   1331   1332   1333   1334   1335,
              1336   1337   1338   1339   1340   1341   1342   1343,
              1344   1345   1346   1347   1348   1349   1350   1351,
              1352   1353   1354   1355   1356   1357   1358   1359,
              1360   1361   1362   1363   1364   1365   1366   1367,
              1368   1369   1370   1371   1372   1373   1374   1375,
              1376   1377   1378   1379   1380   1381   1382   1383,
              1384   1385   1386   1387   1388   1389   1390   1391,
              1392   1393   1394   1395   1396   1397   1398   1399,
              1400   1401   1402   1403   1404   1405   1406   1407,
              1408   1409   1410   1411   1412   1413   1414   1415,
              1416   1417   1418   1419   1420   1421   1422   1423,
              1424   1425   1426   1427   1428   1429   1430   1431,
              1432   1433   1434   1435   1436   1437   1438   1439,
              1440   1441   1442   1443   1444   1445   1446   1447,
              1448   1449   1450   1451   1452   1453   1454   1455,
              1456   1457   1458   1459   1460   1461   1462   1463,
              1464   1465   1466   1467   1468   1469   1470   1471,
              1472   1473   1474   1475   1476   1477   1478   1479,
              1480   6782   6783   6784   6785   6786   6787   6788,
              6789   6790   6791   6792   6793   6794   6795   6796,
              6797   6798   6799   6800   6801   6802   6803   6804,
              6805   6806   6807   6808   6809   6810   6811   6812,
              6813   6814   6815   6816   6817   6818   6819   6820,
              6821   6822   6823   6824   6825   6826   6827   6828,
              6829   6830   6831   6832   6833   6834   6835   6836,
              6837   6838   6839   6840   6841   6842   6843   6844,
              6845   6846   6847   6848   6849   6850   6851   6852,
              6853   6854   6855   6856   6857   6858   6859   6860,
              6861   6862   6863   6864   6865   6866   6867   6868,
              6869   6870   6871   6872   6873   6874   6875   6876,
              6877   6878   6879   6880   6881   6882   6883   6884,
              6885   6886   6887   6888   6889   6890   6891   6892,
              6893   6894   6895   6896   6897   6898   6899   6900,
              6901   6902   6903   6904   6905   6906   6907   6908,
              6909   6910   6911   6912   6913   6914   6915   6916,
              6917   6918   6919   6920   6921   6922   6923   6924,
              6925   6926   6927   6928   6929   6930   6931   6932,
              6933   6934   6935   6936   6937   6938   6939   6940,
              6941   6942   6943   6944   6945   6946   6947   6948,
              6949 1.000
 elements      61   189    62   190    63   191    64   192    65   193,
               66   194    67   195    68   196    69   197    70   198,
               71   199    72   200    73   201    74   202    75   203,
               76   204    77   205    78   206    79   207    80   208,
              317   445   318   446   319   447   320   448   321   449,
              322   450   323   451   324   452   325   453   326   454,
              327   455   328   456   329   457   330   458   331   459,
              332   460   333   461   334   462   335   463   336   464,
             1220  1342  1221  1343  1222  1344  1223  1345  1224  1346,
             1225  1347  1226  1348  1227  1349  1228  1350  1229  1351,
             1230  1352  1231  1353  1232  1354  1233  1355  1234  1356,
             1235  1357  1236  1358  1237  1359  1238  1360  1239  1361,
             1240  1362  1241  1446  1447  1571  1242  1448  1572  1363,
             1449  1573  1243  1450  1574  1364  1451  1575  1244  1452,
             1576  1365  1453  1577  1245  1454  1578  1366  1455  1579,
             1246  1456  1580  1367  1457  1581  1247  1458  1582  1368,
             1459  1583  1248  1460  1584  1369  1461  1585  2145  1462,
             1586  1370  1463  1587  2146  1464  1588  1371  1465  1589,
             2147  1466  1590  1372  1467  1591  2148  1468  1732  1854,
             1733  1855  1734  1856  1735  1857  1736  1858  1737  1859,
             1738  1860  1739  1861  1740  1862  1741  1863  1742  1864,
             1743  1865  1744  1866  1745  1867  1746  1868  1747  1869,
             1748  1870  1749  1871  1750  1872  1751  1873  1752  1874,
             1753  1592  1955  2080  1754  1956  2081  1875  1957  2082,
             1755  1958  2083  1876  1959  2084  1756  1960  2085  1877,
             1961  2086  1757  1962  2087  1878  1963  2088  1758  1964,
             2089  1879  1965  2090  1759  1966  2091  1880  1967  2092,
             1760  1968  2093  1881  1969  2094  2273  1970  2095  1882,
             1971  2096  2274  1972  2097  1883  1973  2098  2275  1974,
             2099  1884  1975  2100  2276  1976  4828  4942  4829  4943,
             4830  4944  4831  4945  4832  4946  5054  4947  5055  4948,
             5056  4949  5057  4950  5058  4951  5059  4952  5060  4953,
             5061  4954  5062  4955  5063  5175  5064  5176  5065  5177,
             5066  5178  5067  5179  5747  5180  5634  5181  5635  5182,
             5636  5183  5637  5184  5865  5185  5400  5186  5401  5187,
             5402  5188  4956  5866  4957  5867  4958  5868  4959  5869,
             4960  5870  5068  5871  5069  5748  5070  5749  5071  5750,
             5072  5992  5073  5993  5074  5751  5075  5994  5076  5752,
             5077  5189  5078  5190  5079  5191  5080  5192  5081  5193,
             5995  5194  5996  5195  5872  5196  5403  5197  5404  5198,
             5405  5199  5406  5200  5407  5201  5408  5202  5409  5517,
             5410  5297  5411  5518  5412  5298  5638  5519  5639  5753,
             5873  5520  5754  5997  5755  5874  5756  5299  5757  5300,
             5998  5301  5875  5302  5640  5082  5641  5758  5642  5759,
             5413  6115  5414  5643  5415  5521  5644  5522  5999  5523,
             5876  6116  5877  6117  5878  5760  5879  6241  6000  6242,
             5880  6118  5881  5761  5083  5203  5084  5204  5085  5205,
             5086  5206  5087  5207  5088  5208  5303  5209  5307  5419,
             5308  5420  5309  5421  5310  5422  5311  5423  5312  5424,
             5313  5425  5314  5426  5315  5427  5316  5428  5317  5527,
             5318  5528  5319  5529  5320  5530  5531  5647  5532  5648,
             5533  5649  5534  5650  5535  5651  5536  6001  5537  5883,
             5538  5884  5539  5885  5540  5764  5652  5765  5653  5886,
             5654  5766  5655  5887  5321  5429  5322  5430  5323  5431,
             5324  5432  5325  5433  5326  5434  5327  5435  5328  6002,
             5329  6003  5330  6119  5331  5541  5332  5542  5333  5543,
             5334  5544  5656  5767  5657  5545  5658  5768  5659  5546,
             5769  6120  6243  5547  5660  6121  5661  5548  5662  5549,
             5663  5550  5664  5888  5665  6122  5666  5770  5889  6004,
             5335  6005  6244  5890  6006  5336  6007  5891  6008  5337,
             6369  5338  6245  5339  6370  5340  6123  5341  6124  5892,
             6009  6246  5771  6247  6371  6125  6248  5342  5210  6372,
             5211  6249  5212  6010  5213  6497  5214  6373  5215  5436,
             5216  5437  5343  6498  6625  6374  6499  6250  6626  6126,
             6627  6500  6628  6375  6501  6376  5438  5551  5667  5552,
             5344  5668  6011  5669  5772  5439  5773  5440  5553  5441
 print totals
 compute domain integral
c
domain dnr_024
 symmetric
 normal plane nx 0  ny -1.0  nz 0.0
 front nodes   1111   1296   1481 linear verify
 function type b
 ignore crack face loading
 q-values     1296   1297   1298   1299   1300   1301   1302   1303,
              1304   1305   1306   1307   1308   1309   1310   1311,
              1312   1313   1314   1315   1316   1317   1318   1319,
              1320   1321   1322   1323   1324   1325   1326   1327,
              1328   1329   1330   1331   1332   1333   1334   1335,
              1336   1337   1338   1339   1340   1341   1342   1343,
              1344   1345   1346   1347   1348   1349   1350   1351,
              1352   1353   1354   1355   1356   1357   1358   1359,
              1360   1361   1362   1363   1364   1365   1366   1367,
              1368   1369   1370   1371   1372   1373   1374   1375,
              1376   1377   1378   1379   1380   1381   1382   1383,
              1384   1385   1386   1387   1388   1389   1390   1391,
              1392   1393   1394   1395   1396   1397   1398   1399,
              1400   1401   1402   1403   1404   1405   1406   1407,
              1408   1409   1410   1411   1412   1413   1414   1415,
              1416   1417   1418   1419   1420   1421   1422   1423,
              1424   1425   1426   1427   1428   1429   1430   1431,
              1432   1433   1434   1435   1436   1437   1438   1439,
              1440   1441   1442   1443   1444   1445   1446   1447,
              1448   1449   1450   1451   1452   1453   1454   1455,
              1456   1457   1458   1459   1460   1461   1462   1463,
              1464   1465   1466   1467   1468   1469   1470   1471,
              1472   1473   1474   1475   1476   1477   1478   1479,
              1480   6782   6783   6784   6785   6786   6787   6788,
              6789   6790   6791   6792   6793   6794   6795   6796,
              6797   6798   6799   6800   6801   6802   6803   6804,
              6805   6806   6807   6808   6809   6810   6811   6812,
              6813   6814   6815   6816   6817   6818   6819   6820,
              6821   6822   6823   6824   6825   6826   6827   6828,
              6829   6830   6831   6832   6833   6834   6835   6836,
              6837   6838   6839   6840   6841   6842   6843   6844,
              6845   6846   6847   6848   6849   6850   6851   6852,
              6853   6854   6855   6856   6857   6858   6859   6860,
              6861   6862   6863   6864   6865   6866   6867   6868,
              6869   6870   6871   6872   6873   6874   6875   6876,
              6877   6878   6879   6880   6881   6882   6883   6884,
              6885   6886   6887   6888   6889   6890   6891   6892,
              6893   6894   6895   6896   6897   6898   6899   6900,
              6901   6902   6903   6904   6905   6906   6907   6908,
              6909   6910   6911   6912   6913   6914   6915   6916,
              6917   6918   6919   6920   6921   6922   6923   6924,
              6925   6926   6927   6928   6929   6930   6931   6932,
              6933   6934   6935   6936   6937   6938   6939   6940,
              6941   6942   6943   6944   6945   6946   6947   6948,
              6949   6950   6951   6952   6953   6954   6955   6956,
              6957   6958   6959   6960   6961   6962   6963   6964 1.000
 elements      61   189    62   190    63   191    64   192    65   193,
               66   194    67   195    68   196    69   197    70   198,
               71   199    72   200    73   201    74   202    75   203,
               76   204    77   205    78   206    79   207    80   208,
              317   445   318   446   319   447   320   448   321   449,
              322   450   323   451   324   452   325   453   326   454,
              327   455   328   456   329   457   330   458   331   459,
              332   460   333   461   334   462   335   463   336   464,
             1220  1342  1221  1343  1222  1344  1223  1345  1224  1346,
             1225  1347  1226  1348  1227  1349  1228  1350  1229  1351,
             1230  1352  1231  1353  1232  1354  1233  1355  1234  1356,
             1235  1357  1236  1358  1237  1359  1238  1360  1239  1361,
             1240  1362  1241  1446  1447  1571  1242  1448  1572  1363,
             1449  1573  1243  1450  1574  1364  1451  1575  1244  1452,
             1576  1365  1453  1577  1245  1454  1578  1366  1455  1579,
             1246  1456  1580  1367  1457  1581  1247  1458  1582  1368,
             1459  1583  1248  1460  1584  1369  1461  1585  2145  1462,
             1586  1370  1463  1587  2146  1464  1588  1371  1465  1589,
             2147  1466  1590  1372  1467  1591  2148  1468  1732  1854,
             1733  1855  1734  1856  1735  1857  1736  1858  1737  1859,
             1738  1860  1739  1861  1740  1862  1741  1863  1742  1864,
             1743  1865  1744  1866  1745  1867  1746  1868  1747  1869,
             1748  1870  1749  1871  1750  1872  1751  1873  1752  1874,
             1753  1592  1955  2080  1754  1956  2081  1875  1957  2082,
             1755  1958  2083  1876  1959  2084  1756  1960  2085  1877,
             1961  2086  1757  1962  2087  1878  1963  2088  1758  1964,
             2089  1879  1965  2090  1759  1966  2091  1880  1967  2092,
             1760  1968  2093  1881  1969  2094  2273  1970  2095  1882,
             1971  2096  2274  1972  2097  1883  1973  2098  2275  1974,
             2099  1884  1975  2100  2276  1976  4828  4942  4829  4943,
             4830  4944  4831  4945  4832  4946  5054  4947  5055  4948,
             5056  4949  5057  4950  5058  4951  5059  4952  5060  4953,
             5061  4954  5062  4955  5063  5175  5064  5176  5065  5177,
             5066  5178  5067  5179  5747  5180  5634  5181  5635  5182,
             5636  5183  5637  5184  5865  5185  5400  5186  5401  5187,
             5402  5188  4956  5866  4957  5867  4958  5868  4959  5869,
             4960  5870  5068  5871  5069  5748  5070  5749  5071  5750,
             5072  5992  5073  5993  5074  5751  5075  5994  5076  5752,
             5077  5189  5078  5190  5079  5191  5080  5192  5081  5193,
             5995  5194  5996  5195  5872  5196  5403  5197  5404  5198,
             5405  5199  5406  5200  5407  5201  5408  5202  5409  5517,
             5410  5297  5411  5518  5412  5298  5638  5519  5639  5753,
             5873  5520  5754  5997  5755  5874  5756  5299  5757  5300,
             5998  5301  5875  5302  5640  5082  5641  5758  5642  5759,
             5413  6115  5414  5643  5415  5521  5644  5522  5999  5523,
             5876  6116  5877  6117  5878  5760  5879  6241  6000  6242,
             5880  6118  5881  5761  5083  5203  5084  5204  5085  5205,
             5086  5206  5087  5207  5088  5208  5303  5209  5304  5882,
             5305  5416  5762  5417  5524  5418  5525  5306  5526  5645,
             5763  5646  5307  5419  5308  5420  5309  5421  5310  5422,
             5311  5423  5312  5424  5313  5425  5314  5426  5315  5427,
             5316  5428  5317  5527  5318  5528  5319  5529  5320  5530,
             5531  5647  5532  5648  5533  5649  5534  5650  5535  5651,
             5536  6001  5537  5883  5538  5884  5539  5885  5540  5764,
             5652  5765  5653  5886  5654  5766  5655  5887  5321  5429,
             5322  5430  5323  5431  5324  5432  5325  5433  5326  5434,
             5327  5435  5328  6002  5329  6003  5330  6119  5331  5541,
             5332  5542  5333  5543  5334  5544  5656  5767  5657  5545,
             5658  5768  5659  5546  5769  6120  6243  5547  5660  6121,
             5661  5548  5662  5549  5663  5550  5664  5888  5665  6122,
             5666  5770  5889  6004  5335  6005  6244  5890  6006  5336,
             6007  5891  6008  5337  6369  5338  6245  5339  6370  5340,
             6123  5341  6124  5892  6009  6246  5771  6247  6371  6125,
             6248  5342  5210  6372  5211  6249  5212  6010  5213  6497,
             5214  6373  5215  5436  5216  5437  5343  6498  6625  6374,
             6499  6250  6626  6126  6627  6500  6628  6375  6501  6376,
             5438  5551  5667  5552  5344  5668  6011  5669  5772  5439,
             5773  5440  5553  5441  5670  5774  6127  5893  6128  5894,
             5775  5895  6130  5671  6016  5897  6017  5898
 print totals
 compute domain integral
