c
 compute displacements for loading test step       10
 output totals only reactions  9625 9627 9628,
  9630 9631 9633 9635 9636 9637 9638 9640 9642 9643,
  9644 9645 9647 9649 9650 9651 9652 9654 9656 9657,
  9658 9659 9661 9663 9664 9665 9666 9668 9670 9671,
  9672 9673 9674 9676 9677 9679 9680 9682 9684 9685,
  9686 9687 9689 9691 9692 9693 9694 9696 9698 9699,
  9700 9701 9704 9705 9708 9709 9710 9711 9712 9713
 output patran binary displacements
c
 compute displacements for loading test step       20
 output totals only reactions  9625 9627 9628,
  9630 9631 9633 9635 9636 9637 9638 9640 9642 9643,
  9644 9645 9647 9649 9650 9651 9652 9654 9656 9657,
  9658 9659 9661 9663 9664 9665 9666 9668 9670 9671,
  9672 9673 9674 9676 9677 9679 9680 9682 9684 9685,
  9686 9687 9689 9691 9692 9693 9694 9696 9698 9699,
  9700 9701 9704 9705 9708 9709 9710 9711 9712 9713
 output patran binary displacements
c
 compute displacements for loading test step       30
 output totals only reactions  9625 9627 9628,
  9630 9631 9633 9635 9636 9637 9638 9640 9642 9643,
  9644 9645 9647 9649 9650 9651 9652 9654 9656 9657,
  9658 9659 9661 9663 9664 9665 9666 9668 9670 9671,
  9672 9673 9674 9676 9677 9679 9680 9682 9684 9685,
  9686 9687 9689 9691 9692 9693 9694 9696 9698 9699,
  9700 9701 9704 9705 9708 9709 9710 9711 9712 9713
 output patran binary displacements
c
 compute displacements for loading test step       40
 output totals only reactions  9625 9627 9628,
  9630 9631 9633 9635 9636 9637 9638 9640 9642 9643,
  9644 9645 9647 9649 9650 9651 9652 9654 9656 9657,
  9658 9659 9661 9663 9664 9665 9666 9668 9670 9671,
  9672 9673 9674 9676 9677 9679 9680 9682 9684 9685,
  9686 9687 9689 9691 9692 9693 9694 9696 9698 9699,
  9700 9701 9704 9705 9708 9709 9710 9711 9712 9713
 output patran binary displacements
c
 compute displacements for loading test step       50
 output totals only reactions  9625 9627 9628,
  9630 9631 9633 9635 9636 9637 9638 9640 9642 9643,
  9644 9645 9647 9649 9650 9651 9652 9654 9656 9657,
  9658 9659 9661 9663 9664 9665 9666 9668 9670 9671,
  9672 9673 9674 9676 9677 9679 9680 9682 9684 9685,
  9686 9687 9689 9691 9692 9693 9694 9696 9698 9699,
  9700 9701 9704 9705 9708 9709 9710 9711 9712 9713
 output patran binary displacements
c
 compute displacements for loading test step       60
 output totals only reactions  9625 9627 9628,
  9630 9631 9633 9635 9636 9637 9638 9640 9642 9643,
  9644 9645 9647 9649 9650 9651 9652 9654 9656 9657,
  9658 9659 9661 9663 9664 9665 9666 9668 9670 9671,
  9672 9673 9674 9676 9677 9679 9680 9682 9684 9685,
  9686 9687 9689 9691 9692 9693 9694 9696 9698 9699,
  9700 9701 9704 9705 9708 9709 9710 9711 9712 9713
 output patran binary displacements
c
 compute displacements for loading test step       70
 output totals only reactions  9625 9627 9628,
  9630 9631 9633 9635 9636 9637 9638 9640 9642 9643,
  9644 9645 9647 9649 9650 9651 9652 9654 9656 9657,
  9658 9659 9661 9663 9664 9665 9666 9668 9670 9671,
  9672 9673 9674 9676 9677 9679 9680 9682 9684 9685,
  9686 9687 9689 9691 9692 9693 9694 9696 9698 9699,
  9700 9701 9704 9705 9708 9709 9710 9711 9712 9713
 output patran binary displacements
c
 compute displacements for loading test step       80
 output totals only reactions  9625 9627 9628,
  9630 9631 9633 9635 9636 9637 9638 9640 9642 9643,
  9644 9645 9647 9649 9650 9651 9652 9654 9656 9657,
  9658 9659 9661 9663 9664 9665 9666 9668 9670 9671,
  9672 9673 9674 9676 9677 9679 9680 9682 9684 9685,
  9686 9687 9689 9691 9692 9693 9694 9696 9698 9699,
  9700 9701 9704 9705 9708 9709 9710 9711 9712 9713
 output patran binary displacements
c
 compute displacements for loading test step       90
 output totals only reactions  9625 9627 9628,
  9630 9631 9633 9635 9636 9637 9638 9640 9642 9643,
  9644 9645 9647 9649 9650 9651 9652 9654 9656 9657,
  9658 9659 9661 9663 9664 9665 9666 9668 9670 9671,
  9672 9673 9674 9676 9677 9679 9680 9682 9684 9685,
  9686 9687 9689 9691 9692 9693 9694 9696 9698 9699,
  9700 9701 9704 9705 9708 9709 9710 9711 9712 9713
 output patran binary displacements
c
 compute displacements for loading test step      100
 output totals only reactions  9625 9627 9628,
  9630 9631 9633 9635 9636 9637 9638 9640 9642 9643,
  9644 9645 9647 9649 9650 9651 9652 9654 9656 9657,
  9658 9659 9661 9663 9664 9665 9666 9668 9670 9671,
  9672 9673 9674 9676 9677 9679 9680 9682 9684 9685,
  9686 9687 9689 9691 9692 9693 9694 9696 9698 9699,
  9700 9701 9704 9705 9708 9709 9710 9711 9712 9713
 output patran binary displacements
c
 compute displacements for loading test step      110
 output totals only reactions  9625 9627 9628,
  9630 9631 9633 9635 9636 9637 9638 9640 9642 9643,
  9644 9645 9647 9649 9650 9651 9652 9654 9656 9657,
  9658 9659 9661 9663 9664 9665 9666 9668 9670 9671,
  9672 9673 9674 9676 9677 9679 9680 9682 9684 9685,
  9686 9687 9689 9691 9692 9693 9694 9696 9698 9699,
  9700 9701 9704 9705 9708 9709 9710 9711 9712 9713
 output patran binary displacements
c
 compute displacements for loading test step      120
 output totals only reactions  9625 9627 9628,
  9630 9631 9633 9635 9636 9637 9638 9640 9642 9643,
  9644 9645 9647 9649 9650 9651 9652 9654 9656 9657,
  9658 9659 9661 9663 9664 9665 9666 9668 9670 9671,
  9672 9673 9674 9676 9677 9679 9680 9682 9684 9685,
  9686 9687 9689 9691 9692 9693 9694 9696 9698 9699,
  9700 9701 9704 9705 9708 9709 9710 9711 9712 9713
 output patran binary displacements
c
 compute displacements for loading test step      130
 output totals only reactions  9625 9627 9628,
  9630 9631 9633 9635 9636 9637 9638 9640 9642 9643,
  9644 9645 9647 9649 9650 9651 9652 9654 9656 9657,
  9658 9659 9661 9663 9664 9665 9666 9668 9670 9671,
  9672 9673 9674 9676 9677 9679 9680 9682 9684 9685,
  9686 9687 9689 9691 9692 9693 9694 9696 9698 9699,
  9700 9701 9704 9705 9708 9709 9710 9711 9712 9713
 output patran binary displacements
c
 compute displacements for loading test step      140
 output totals only reactions  9625 9627 9628,
  9630 9631 9633 9635 9636 9637 9638 9640 9642 9643,
  9644 9645 9647 9649 9650 9651 9652 9654 9656 9657,
  9658 9659 9661 9663 9664 9665 9666 9668 9670 9671,
  9672 9673 9674 9676 9677 9679 9680 9682 9684 9685,
  9686 9687 9689 9691 9692 9693 9694 9696 9698 9699,
  9700 9701 9704 9705 9708 9709 9710 9711 9712 9713
 output patran binary displacements
c
 compute displacements for loading test step      150
 output totals only reactions  9625 9627 9628,
  9630 9631 9633 9635 9636 9637 9638 9640 9642 9643,
  9644 9645 9647 9649 9650 9651 9652 9654 9656 9657,
  9658 9659 9661 9663 9664 9665 9666 9668 9670 9671,
  9672 9673 9674 9676 9677 9679 9680 9682 9684 9685,
  9686 9687 9689 9691 9692 9693 9694 9696 9698 9699,
  9700 9701 9704 9705 9708 9709 9710 9711 9712 9713
 output patran binary displacements
c
 stop
c
 compute displacements for loading test step      160
 output totals only reactions  9625 9627 9628,
  9630 9631 9633 9635 9636 9637 9638 9640 9642 9643,
  9644 9645 9647 9649 9650 9651 9652 9654 9656 9657,
  9658 9659 9661 9663 9664 9665 9666 9668 9670 9671,
  9672 9673 9674 9676 9677 9679 9680 9682 9684 9685,
  9686 9687 9689 9691 9692 9693 9694 9696 9698 9699,
  9700 9701 9704 9705 9708 9709 9710 9711 9712 9713
 output patran binary displacements
c
 compute displacements for loading test step      170
 output totals only reactions  9625 9627 9628,
  9630 9631 9633 9635 9636 9637 9638 9640 9642 9643,
  9644 9645 9647 9649 9650 9651 9652 9654 9656 9657,
  9658 9659 9661 9663 9664 9665 9666 9668 9670 9671,
  9672 9673 9674 9676 9677 9679 9680 9682 9684 9685,
  9686 9687 9689 9691 9692 9693 9694 9696 9698 9699,
  9700 9701 9704 9705 9708 9709 9710 9711 9712 9713
 output patran binary displacements
c
 compute displacements for loading test step      180
 output totals only reactions  9625 9627 9628,
  9630 9631 9633 9635 9636 9637 9638 9640 9642 9643,
  9644 9645 9647 9649 9650 9651 9652 9654 9656 9657,
  9658 9659 9661 9663 9664 9665 9666 9668 9670 9671,
  9672 9673 9674 9676 9677 9679 9680 9682 9684 9685,
  9686 9687 9689 9691 9692 9693 9694 9696 9698 9699,
  9700 9701 9704 9705 9708 9709 9710 9711 9712 9713
 output patran binary displacements
c
 compute displacements for loading test step      190
 output totals only reactions  9625 9627 9628,
  9630 9631 9633 9635 9636 9637 9638 9640 9642 9643,
  9644 9645 9647 9649 9650 9651 9652 9654 9656 9657,
  9658 9659 9661 9663 9664 9665 9666 9668 9670 9671,
  9672 9673 9674 9676 9677 9679 9680 9682 9684 9685,
  9686 9687 9689 9691 9692 9693 9694 9696 9698 9699,
  9700 9701 9704 9705 9708 9709 9710 9711 9712 9713
 output patran binary displacements
c
 compute displacements for loading test step      200
 output totals only reactions  9625 9627 9628,
  9630 9631 9633 9635 9636 9637 9638 9640 9642 9643,
  9644 9645 9647 9649 9650 9651 9652 9654 9656 9657,
  9658 9659 9661 9663 9664 9665 9666 9668 9670 9671,
  9672 9673 9674 9676 9677 9679 9680 9682 9684 9685,
  9686 9687 9689 9691 9692 9693 9694 9696 9698 9699,
  9700 9701 9704 9705 9708 9709 9710 9711 9712 9713
 output patran binary displacements
 save to file "A.rest"
c
 compute displacements for loading test step      210
 output totals only reactions  9625 9627 9628,
  9630 9631 9633 9635 9636 9637 9638 9640 9642 9643,
  9644 9645 9647 9649 9650 9651 9652 9654 9656 9657,
  9658 9659 9661 9663 9664 9665 9666 9668 9670 9671,
  9672 9673 9674 9676 9677 9679 9680 9682 9684 9685,
  9686 9687 9689 9691 9692 9693 9694 9696 9698 9699,
  9700 9701 9704 9705 9708 9709 9710 9711 9712 9713
 output patran binary displacements
c
 compute displacements for loading test step      220
 output totals only reactions  9625 9627 9628,
  9630 9631 9633 9635 9636 9637 9638 9640 9642 9643,
  9644 9645 9647 9649 9650 9651 9652 9654 9656 9657,
  9658 9659 9661 9663 9664 9665 9666 9668 9670 9671,
  9672 9673 9674 9676 9677 9679 9680 9682 9684 9685,
  9686 9687 9689 9691 9692 9693 9694 9696 9698 9699,
  9700 9701 9704 9705 9708 9709 9710 9711 9712 9713
 output patran binary displacements
c
 compute displacements for loading test step      230
 output totals only reactions  9625 9627 9628,
  9630 9631 9633 9635 9636 9637 9638 9640 9642 9643,
  9644 9645 9647 9649 9650 9651 9652 9654 9656 9657,
  9658 9659 9661 9663 9664 9665 9666 9668 9670 9671,
  9672 9673 9674 9676 9677 9679 9680 9682 9684 9685,
  9686 9687 9689 9691 9692 9693 9694 9696 9698 9699,
  9700 9701 9704 9705 9708 9709 9710 9711 9712 9713
 output patran binary displacements
c
 compute displacements for loading test step      240
 output totals only reactions  9625 9627 9628,
  9630 9631 9633 9635 9636 9637 9638 9640 9642 9643,
  9644 9645 9647 9649 9650 9651 9652 9654 9656 9657,
  9658 9659 9661 9663 9664 9665 9666 9668 9670 9671,
  9672 9673 9674 9676 9677 9679 9680 9682 9684 9685,
  9686 9687 9689 9691 9692 9693 9694 9696 9698 9699,
  9700 9701 9704 9705 9708 9709 9710 9711 9712 9713
 output patran binary displacements
c
 compute displacements for loading test step      250
 output totals only reactions  9625 9627 9628,
  9630 9631 9633 9635 9636 9637 9638 9640 9642 9643,
  9644 9645 9647 9649 9650 9651 9652 9654 9656 9657,
  9658 9659 9661 9663 9664 9665 9666 9668 9670 9671,
  9672 9673 9674 9676 9677 9679 9680 9682 9684 9685,
  9686 9687 9689 9691 9692 9693 9694 9696 9698 9699,
  9700 9701 9704 9705 9708 9709 9710 9711 9712 9713
 output patran binary displacements
c
 compute displacements for loading test step      260
 output totals only reactions  9625 9627 9628,
  9630 9631 9633 9635 9636 9637 9638 9640 9642 9643,
  9644 9645 9647 9649 9650 9651 9652 9654 9656 9657,
  9658 9659 9661 9663 9664 9665 9666 9668 9670 9671,
  9672 9673 9674 9676 9677 9679 9680 9682 9684 9685,
  9686 9687 9689 9691 9692 9693 9694 9696 9698 9699,
  9700 9701 9704 9705 9708 9709 9710 9711 9712 9713
 output patran binary displacements
c
 compute displacements for loading test step      270
 output totals only reactions  9625 9627 9628,
  9630 9631 9633 9635 9636 9637 9638 9640 9642 9643,
  9644 9645 9647 9649 9650 9651 9652 9654 9656 9657,
  9658 9659 9661 9663 9664 9665 9666 9668 9670 9671,
  9672 9673 9674 9676 9677 9679 9680 9682 9684 9685,
  9686 9687 9689 9691 9692 9693 9694 9696 9698 9699,
  9700 9701 9704 9705 9708 9709 9710 9711 9712 9713
 output patran binary displacements
c
 compute displacements for loading test step      280
 output totals only reactions  9625 9627 9628,
  9630 9631 9633 9635 9636 9637 9638 9640 9642 9643,
  9644 9645 9647 9649 9650 9651 9652 9654 9656 9657,
  9658 9659 9661 9663 9664 9665 9666 9668 9670 9671,
  9672 9673 9674 9676 9677 9679 9680 9682 9684 9685,
  9686 9687 9689 9691 9692 9693 9694 9696 9698 9699,
  9700 9701 9704 9705 9708 9709 9710 9711 9712 9713
 output patran binary displacements
c
 compute displacements for loading test step      290
 output totals only reactions  9625 9627 9628,
  9630 9631 9633 9635 9636 9637 9638 9640 9642 9643,
  9644 9645 9647 9649 9650 9651 9652 9654 9656 9657,
  9658 9659 9661 9663 9664 9665 9666 9668 9670 9671,
  9672 9673 9674 9676 9677 9679 9680 9682 9684 9685,
  9686 9687 9689 9691 9692 9693 9694 9696 9698 9699,
  9700 9701 9704 9705 9708 9709 9710 9711 9712 9713
 output patran binary displacements
c
 compute displacements for loading test step      300
 output totals only reactions  9625 9627 9628,
  9630 9631 9633 9635 9636 9637 9638 9640 9642 9643,
  9644 9645 9647 9649 9650 9651 9652 9654 9656 9657,
  9658 9659 9661 9663 9664 9665 9666 9668 9670 9671,
  9672 9673 9674 9676 9677 9679 9680 9682 9684 9685,
  9686 9687 9689 9691 9692 9693 9694 9696 9698 9699,
  9700 9701 9704 9705 9708 9709 9710 9711 9712 9713
 output patran binary displacements
c
 compute displacements for loading test step      310
 output totals only reactions  9625 9627 9628,
  9630 9631 9633 9635 9636 9637 9638 9640 9642 9643,
  9644 9645 9647 9649 9650 9651 9652 9654 9656 9657,
  9658 9659 9661 9663 9664 9665 9666 9668 9670 9671,
  9672 9673 9674 9676 9677 9679 9680 9682 9684 9685,
  9686 9687 9689 9691 9692 9693 9694 9696 9698 9699,
  9700 9701 9704 9705 9708 9709 9710 9711 9712 9713
 output patran binary displacements
c
 compute displacements for loading test step      320
 output totals only reactions  9625 9627 9628,
  9630 9631 9633 9635 9636 9637 9638 9640 9642 9643,
  9644 9645 9647 9649 9650 9651 9652 9654 9656 9657,
  9658 9659 9661 9663 9664 9665 9666 9668 9670 9671,
  9672 9673 9674 9676 9677 9679 9680 9682 9684 9685,
  9686 9687 9689 9691 9692 9693 9694 9696 9698 9699,
  9700 9701 9704 9705 9708 9709 9710 9711 9712 9713
 output patran binary displacements
c
 compute displacements for loading test step      330
 output totals only reactions  9625 9627 9628,
  9630 9631 9633 9635 9636 9637 9638 9640 9642 9643,
  9644 9645 9647 9649 9650 9651 9652 9654 9656 9657,
  9658 9659 9661 9663 9664 9665 9666 9668 9670 9671,
  9672 9673 9674 9676 9677 9679 9680 9682 9684 9685,
  9686 9687 9689 9691 9692 9693 9694 9696 9698 9699,
  9700 9701 9704 9705 9708 9709 9710 9711 9712 9713
 output patran binary displacements
c
 compute displacements for loading test step      340
 output totals only reactions  9625 9627 9628,
  9630 9631 9633 9635 9636 9637 9638 9640 9642 9643,
  9644 9645 9647 9649 9650 9651 9652 9654 9656 9657,
  9658 9659 9661 9663 9664 9665 9666 9668 9670 9671,
  9672 9673 9674 9676 9677 9679 9680 9682 9684 9685,
  9686 9687 9689 9691 9692 9693 9694 9696 9698 9699,
  9700 9701 9704 9705 9708 9709 9710 9711 9712 9713
 output patran binary displacements
c
 compute displacements for loading test step      350
 output totals only reactions  9625 9627 9628,
  9630 9631 9633 9635 9636 9637 9638 9640 9642 9643,
  9644 9645 9647 9649 9650 9651 9652 9654 9656 9657,
  9658 9659 9661 9663 9664 9665 9666 9668 9670 9671,
  9672 9673 9674 9676 9677 9679 9680 9682 9684 9685,
  9686 9687 9689 9691 9692 9693 9694 9696 9698 9699,
  9700 9701 9704 9705 9708 9709 9710 9711 9712 9713
 output patran binary displacements
c
 compute displacements for loading test step      360
 output totals only reactions  9625 9627 9628,
  9630 9631 9633 9635 9636 9637 9638 9640 9642 9643,
  9644 9645 9647 9649 9650 9651 9652 9654 9656 9657,
  9658 9659 9661 9663 9664 9665 9666 9668 9670 9671,
  9672 9673 9674 9676 9677 9679 9680 9682 9684 9685,
  9686 9687 9689 9691 9692 9693 9694 9696 9698 9699,
  9700 9701 9704 9705 9708 9709 9710 9711 9712 9713
 output patran binary displacements
c
 compute displacements for loading test step      370
 output totals only reactions  9625 9627 9628,
  9630 9631 9633 9635 9636 9637 9638 9640 9642 9643,
  9644 9645 9647 9649 9650 9651 9652 9654 9656 9657,
  9658 9659 9661 9663 9664 9665 9666 9668 9670 9671,
  9672 9673 9674 9676 9677 9679 9680 9682 9684 9685,
  9686 9687 9689 9691 9692 9693 9694 9696 9698 9699,
  9700 9701 9704 9705 9708 9709 9710 9711 9712 9713
 output patran binary displacements
c
 compute displacements for loading test step      380
 output totals only reactions  9625 9627 9628,
  9630 9631 9633 9635 9636 9637 9638 9640 9642 9643,
  9644 9645 9647 9649 9650 9651 9652 9654 9656 9657,
  9658 9659 9661 9663 9664 9665 9666 9668 9670 9671,
  9672 9673 9674 9676 9677 9679 9680 9682 9684 9685,
  9686 9687 9689 9691 9692 9693 9694 9696 9698 9699,
  9700 9701 9704 9705 9708 9709 9710 9711 9712 9713
 output patran binary displacements
c
 compute displacements for loading test step      390
 output totals only reactions  9625 9627 9628,
  9630 9631 9633 9635 9636 9637 9638 9640 9642 9643,
  9644 9645 9647 9649 9650 9651 9652 9654 9656 9657,
  9658 9659 9661 9663 9664 9665 9666 9668 9670 9671,
  9672 9673 9674 9676 9677 9679 9680 9682 9684 9685,
  9686 9687 9689 9691 9692 9693 9694 9696 9698 9699,
  9700 9701 9704 9705 9708 9709 9710 9711 9712 9713
 output patran binary displacements
c
 compute displacements for loading test step      400
 output totals only reactions  9625 9627 9628,
  9630 9631 9633 9635 9636 9637 9638 9640 9642 9643,
  9644 9645 9647 9649 9650 9651 9652 9654 9656 9657,
  9658 9659 9661 9663 9664 9665 9666 9668 9670 9671,
  9672 9673 9674 9676 9677 9679 9680 9682 9684 9685,
  9686 9687 9689 9691 9692 9693 9694 9696 9698 9699,
  9700 9701 9704 9705 9708 9709 9710 9711 9712 9713
 output patran binary displacements
 save to file "B.rest"
c
 compute displacements for loading test step      410
 output totals only reactions  9625 9627 9628,
  9630 9631 9633 9635 9636 9637 9638 9640 9642 9643,
  9644 9645 9647 9649 9650 9651 9652 9654 9656 9657,
  9658 9659 9661 9663 9664 9665 9666 9668 9670 9671,
  9672 9673 9674 9676 9677 9679 9680 9682 9684 9685,
  9686 9687 9689 9691 9692 9693 9694 9696 9698 9699,
  9700 9701 9704 9705 9708 9709 9710 9711 9712 9713
 output patran binary displacements
c
 compute displacements for loading test step      420
 output totals only reactions  9625 9627 9628,
  9630 9631 9633 9635 9636 9637 9638 9640 9642 9643,
  9644 9645 9647 9649 9650 9651 9652 9654 9656 9657,
  9658 9659 9661 9663 9664 9665 9666 9668 9670 9671,
  9672 9673 9674 9676 9677 9679 9680 9682 9684 9685,
  9686 9687 9689 9691 9692 9693 9694 9696 9698 9699,
  9700 9701 9704 9705 9708 9709 9710 9711 9712 9713
 output patran binary displacements
c
 compute displacements for loading test step      430
 output totals only reactions  9625 9627 9628,
  9630 9631 9633 9635 9636 9637 9638 9640 9642 9643,
  9644 9645 9647 9649 9650 9651 9652 9654 9656 9657,
  9658 9659 9661 9663 9664 9665 9666 9668 9670 9671,
  9672 9673 9674 9676 9677 9679 9680 9682 9684 9685,
  9686 9687 9689 9691 9692 9693 9694 9696 9698 9699,
  9700 9701 9704 9705 9708 9709 9710 9711 9712 9713
 output patran binary displacements
c
 compute displacements for loading test step      440
 output totals only reactions  9625 9627 9628,
  9630 9631 9633 9635 9636 9637 9638 9640 9642 9643,
  9644 9645 9647 9649 9650 9651 9652 9654 9656 9657,
  9658 9659 9661 9663 9664 9665 9666 9668 9670 9671,
  9672 9673 9674 9676 9677 9679 9680 9682 9684 9685,
  9686 9687 9689 9691 9692 9693 9694 9696 9698 9699,
  9700 9701 9704 9705 9708 9709 9710 9711 9712 9713
 output patran binary displacements
c
 compute displacements for loading test step      450
 output totals only reactions  9625 9627 9628,
  9630 9631 9633 9635 9636 9637 9638 9640 9642 9643,
  9644 9645 9647 9649 9650 9651 9652 9654 9656 9657,
  9658 9659 9661 9663 9664 9665 9666 9668 9670 9671,
  9672 9673 9674 9676 9677 9679 9680 9682 9684 9685,
  9686 9687 9689 9691 9692 9693 9694 9696 9698 9699,
  9700 9701 9704 9705 9708 9709 9710 9711 9712 9713
 output patran binary displacements
c
 compute displacements for loading test step      460
 output totals only reactions  9625 9627 9628,
  9630 9631 9633 9635 9636 9637 9638 9640 9642 9643,
  9644 9645 9647 9649 9650 9651 9652 9654 9656 9657,
  9658 9659 9661 9663 9664 9665 9666 9668 9670 9671,
  9672 9673 9674 9676 9677 9679 9680 9682 9684 9685,
  9686 9687 9689 9691 9692 9693 9694 9696 9698 9699,
  9700 9701 9704 9705 9708 9709 9710 9711 9712 9713
 output patran binary displacements
c
 compute displacements for loading test step      470
 output totals only reactions  9625 9627 9628,
  9630 9631 9633 9635 9636 9637 9638 9640 9642 9643,
  9644 9645 9647 9649 9650 9651 9652 9654 9656 9657,
  9658 9659 9661 9663 9664 9665 9666 9668 9670 9671,
  9672 9673 9674 9676 9677 9679 9680 9682 9684 9685,
  9686 9687 9689 9691 9692 9693 9694 9696 9698 9699,
  9700 9701 9704 9705 9708 9709 9710 9711 9712 9713
 output patran binary displacements
c
 compute displacements for loading test step      480
 output totals only reactions  9625 9627 9628,
  9630 9631 9633 9635 9636 9637 9638 9640 9642 9643,
  9644 9645 9647 9649 9650 9651 9652 9654 9656 9657,
  9658 9659 9661 9663 9664 9665 9666 9668 9670 9671,
  9672 9673 9674 9676 9677 9679 9680 9682 9684 9685,
  9686 9687 9689 9691 9692 9693 9694 9696 9698 9699,
  9700 9701 9704 9705 9708 9709 9710 9711 9712 9713
 output patran binary displacements
c
 compute displacements for loading test step      490
 output totals only reactions  9625 9627 9628,
  9630 9631 9633 9635 9636 9637 9638 9640 9642 9643,
  9644 9645 9647 9649 9650 9651 9652 9654 9656 9657,
  9658 9659 9661 9663 9664 9665 9666 9668 9670 9671,
  9672 9673 9674 9676 9677 9679 9680 9682 9684 9685,
  9686 9687 9689 9691 9692 9693 9694 9696 9698 9699,
  9700 9701 9704 9705 9708 9709 9710 9711 9712 9713
 output patran binary displacements
c
 compute displacements for loading test step      500
 output totals only reactions  9625 9627 9628,
  9630 9631 9633 9635 9636 9637 9638 9640 9642 9643,
  9644 9645 9647 9649 9650 9651 9652 9654 9656 9657,
  9658 9659 9661 9663 9664 9665 9666 9668 9670 9671,
  9672 9673 9674 9676 9677 9679 9680 9682 9684 9685,
  9686 9687 9689 9691 9692 9693 9694 9696 9698 9699,
  9700 9701 9704 9705 9708 9709 9710 9711 9712 9713
 output patran binary displacements


stop


c
 compute displacements for loading test step      510
 output totals only reactions  9625 9627 9628,
  9630 9631 9633 9635 9636 9637 9638 9640 9642 9643,
  9644 9645 9647 9649 9650 9651 9652 9654 9656 9657,
  9658 9659 9661 9663 9664 9665 9666 9668 9670 9671,
  9672 9673 9674 9676 9677 9679 9680 9682 9684 9685,
  9686 9687 9689 9691 9692 9693 9694 9696 9698 9699,
  9700 9701 9704 9705 9708 9709 9710 9711 9712 9713
 output patran binary displacements
c
 compute displacements for loading test step      520
 output totals only reactions  9625 9627 9628,
  9630 9631 9633 9635 9636 9637 9638 9640 9642 9643,
  9644 9645 9647 9649 9650 9651 9652 9654 9656 9657,
  9658 9659 9661 9663 9664 9665 9666 9668 9670 9671,
  9672 9673 9674 9676 9677 9679 9680 9682 9684 9685,
  9686 9687 9689 9691 9692 9693 9694 9696 9698 9699,
  9700 9701 9704 9705 9708 9709 9710 9711 9712 9713
 output patran binary displacements
c
 compute displacements for loading test step      530
 output totals only reactions  9625 9627 9628,
  9630 9631 9633 9635 9636 9637 9638 9640 9642 9643,
  9644 9645 9647 9649 9650 9651 9652 9654 9656 9657,
  9658 9659 9661 9663 9664 9665 9666 9668 9670 9671,
  9672 9673 9674 9676 9677 9679 9680 9682 9684 9685,
  9686 9687 9689 9691 9692 9693 9694 9696 9698 9699,
  9700 9701 9704 9705 9708 9709 9710 9711 9712 9713
 output patran binary displacements
c
 compute displacements for loading test step      540
 output totals only reactions  9625 9627 9628,
  9630 9631 9633 9635 9636 9637 9638 9640 9642 9643,
  9644 9645 9647 9649 9650 9651 9652 9654 9656 9657,
  9658 9659 9661 9663 9664 9665 9666 9668 9670 9671,
  9672 9673 9674 9676 9677 9679 9680 9682 9684 9685,
  9686 9687 9689 9691 9692 9693 9694 9696 9698 9699,
  9700 9701 9704 9705 9708 9709 9710 9711 9712 9713
 output patran binary displacements
c
 compute displacements for loading test step      550
 output totals only reactions  9625 9627 9628,
  9630 9631 9633 9635 9636 9637 9638 9640 9642 9643,
  9644 9645 9647 9649 9650 9651 9652 9654 9656 9657,
  9658 9659 9661 9663 9664 9665 9666 9668 9670 9671,
  9672 9673 9674 9676 9677 9679 9680 9682 9684 9685,
  9686 9687 9689 9691 9692 9693 9694 9696 9698 9699,
  9700 9701 9704 9705 9708 9709 9710 9711 9712 9713
 output patran binary displacements
c
 compute displacements for loading test step      560
 output totals only reactions  9625 9627 9628,
  9630 9631 9633 9635 9636 9637 9638 9640 9642 9643,
  9644 9645 9647 9649 9650 9651 9652 9654 9656 9657,
  9658 9659 9661 9663 9664 9665 9666 9668 9670 9671,
  9672 9673 9674 9676 9677 9679 9680 9682 9684 9685,
  9686 9687 9689 9691 9692 9693 9694 9696 9698 9699,
  9700 9701 9704 9705 9708 9709 9710 9711 9712 9713
 output patran binary displacements
c
 compute displacements for loading test step      570
 output totals only reactions  9625 9627 9628,
  9630 9631 9633 9635 9636 9637 9638 9640 9642 9643,
  9644 9645 9647 9649 9650 9651 9652 9654 9656 9657,
  9658 9659 9661 9663 9664 9665 9666 9668 9670 9671,
  9672 9673 9674 9676 9677 9679 9680 9682 9684 9685,
  9686 9687 9689 9691 9692 9693 9694 9696 9698 9699,
  9700 9701 9704 9705 9708 9709 9710 9711 9712 9713
 output patran binary displacements
c
 compute displacements for loading test step      580
 output totals only reactions  9625 9627 9628,
  9630 9631 9633 9635 9636 9637 9638 9640 9642 9643,
  9644 9645 9647 9649 9650 9651 9652 9654 9656 9657,
  9658 9659 9661 9663 9664 9665 9666 9668 9670 9671,
  9672 9673 9674 9676 9677 9679 9680 9682 9684 9685,
  9686 9687 9689 9691 9692 9693 9694 9696 9698 9699,
  9700 9701 9704 9705 9708 9709 9710 9711 9712 9713
 output patran binary displacements
c
 compute displacements for loading test step      590
 output totals only reactions  9625 9627 9628,
  9630 9631 9633 9635 9636 9637 9638 9640 9642 9643,
  9644 9645 9647 9649 9650 9651 9652 9654 9656 9657,
  9658 9659 9661 9663 9664 9665 9666 9668 9670 9671,
  9672 9673 9674 9676 9677 9679 9680 9682 9684 9685,
  9686 9687 9689 9691 9692 9693 9694 9696 9698 9699,
  9700 9701 9704 9705 9708 9709 9710 9711 9712 9713
 output patran binary displacements
c
 compute displacements for loading test step      600
 output totals only reactions  9625 9627 9628,
  9630 9631 9633 9635 9636 9637 9638 9640 9642 9643,
  9644 9645 9647 9649 9650 9651 9652 9654 9656 9657,
  9658 9659 9661 9663 9664 9665 9666 9668 9670 9671,
  9672 9673 9674 9676 9677 9679 9680 9682 9684 9685,
  9686 9687 9689 9691 9692 9693 9694 9696 9698 9699,
  9700 9701 9704 9705 9708 9709 9710 9711 9712 9713
 output patran binary displacements
 save to file "A.rest"
c
 compute displacements for loading test step      610
 output totals only reactions  9625 9627 9628,
  9630 9631 9633 9635 9636 9637 9638 9640 9642 9643,
  9644 9645 9647 9649 9650 9651 9652 9654 9656 9657,
  9658 9659 9661 9663 9664 9665 9666 9668 9670 9671,
  9672 9673 9674 9676 9677 9679 9680 9682 9684 9685,
  9686 9687 9689 9691 9692 9693 9694 9696 9698 9699,
  9700 9701 9704 9705 9708 9709 9710 9711 9712 9713
 output patran binary displacements
c
 compute displacements for loading test step      620
 output totals only reactions  9625 9627 9628,
  9630 9631 9633 9635 9636 9637 9638 9640 9642 9643,
  9644 9645 9647 9649 9650 9651 9652 9654 9656 9657,
  9658 9659 9661 9663 9664 9665 9666 9668 9670 9671,
  9672 9673 9674 9676 9677 9679 9680 9682 9684 9685,
  9686 9687 9689 9691 9692 9693 9694 9696 9698 9699,
  9700 9701 9704 9705 9708 9709 9710 9711 9712 9713
 output patran binary displacements
c
 compute displacements for loading test step      630
 output totals only reactions  9625 9627 9628,
  9630 9631 9633 9635 9636 9637 9638 9640 9642 9643,
  9644 9645 9647 9649 9650 9651 9652 9654 9656 9657,
  9658 9659 9661 9663 9664 9665 9666 9668 9670 9671,
  9672 9673 9674 9676 9677 9679 9680 9682 9684 9685,
  9686 9687 9689 9691 9692 9693 9694 9696 9698 9699,
  9700 9701 9704 9705 9708 9709 9710 9711 9712 9713
 output patran binary displacements
c
 compute displacements for loading test step      640
 output totals only reactions  9625 9627 9628,
  9630 9631 9633 9635 9636 9637 9638 9640 9642 9643,
  9644 9645 9647 9649 9650 9651 9652 9654 9656 9657,
  9658 9659 9661 9663 9664 9665 9666 9668 9670 9671,
  9672 9673 9674 9676 9677 9679 9680 9682 9684 9685,
  9686 9687 9689 9691 9692 9693 9694 9696 9698 9699,
  9700 9701 9704 9705 9708 9709 9710 9711 9712 9713
 output patran binary displacements
c
 compute displacements for loading test step      650
 output totals only reactions  9625 9627 9628,
  9630 9631 9633 9635 9636 9637 9638 9640 9642 9643,
  9644 9645 9647 9649 9650 9651 9652 9654 9656 9657,
  9658 9659 9661 9663 9664 9665 9666 9668 9670 9671,
  9672 9673 9674 9676 9677 9679 9680 9682 9684 9685,
  9686 9687 9689 9691 9692 9693 9694 9696 9698 9699,
  9700 9701 9704 9705 9708 9709 9710 9711 9712 9713
 output patran binary displacements
c
 compute displacements for loading test step      660
 output totals only reactions  9625 9627 9628,
  9630 9631 9633 9635 9636 9637 9638 9640 9642 9643,
  9644 9645 9647 9649 9650 9651 9652 9654 9656 9657,
  9658 9659 9661 9663 9664 9665 9666 9668 9670 9671,
  9672 9673 9674 9676 9677 9679 9680 9682 9684 9685,
  9686 9687 9689 9691 9692 9693 9694 9696 9698 9699,
  9700 9701 9704 9705 9708 9709 9710 9711 9712 9713
 output patran binary displacements
c
 compute displacements for loading test step      670
 output totals only reactions  9625 9627 9628,
  9630 9631 9633 9635 9636 9637 9638 9640 9642 9643,
  9644 9645 9647 9649 9650 9651 9652 9654 9656 9657,
  9658 9659 9661 9663 9664 9665 9666 9668 9670 9671,
  9672 9673 9674 9676 9677 9679 9680 9682 9684 9685,
  9686 9687 9689 9691 9692 9693 9694 9696 9698 9699,
  9700 9701 9704 9705 9708 9709 9710 9711 9712 9713
 output patran binary displacements
c
 compute displacements for loading test step      680
 output totals only reactions  9625 9627 9628,
  9630 9631 9633 9635 9636 9637 9638 9640 9642 9643,
  9644 9645 9647 9649 9650 9651 9652 9654 9656 9657,
  9658 9659 9661 9663 9664 9665 9666 9668 9670 9671,
  9672 9673 9674 9676 9677 9679 9680 9682 9684 9685,
  9686 9687 9689 9691 9692 9693 9694 9696 9698 9699,
  9700 9701 9704 9705 9708 9709 9710 9711 9712 9713
 output patran binary displacements
c
 compute displacements for loading test step      690
 output totals only reactions  9625 9627 9628,
  9630 9631 9633 9635 9636 9637 9638 9640 9642 9643,
  9644 9645 9647 9649 9650 9651 9652 9654 9656 9657,
  9658 9659 9661 9663 9664 9665 9666 9668 9670 9671,
  9672 9673 9674 9676 9677 9679 9680 9682 9684 9685,
  9686 9687 9689 9691 9692 9693 9694 9696 9698 9699,
  9700 9701 9704 9705 9708 9709 9710 9711 9712 9713
 output patran binary displacements
c
 compute displacements for loading test step      700
 output totals only reactions  9625 9627 9628,
  9630 9631 9633 9635 9636 9637 9638 9640 9642 9643,
  9644 9645 9647 9649 9650 9651 9652 9654 9656 9657,
  9658 9659 9661 9663 9664 9665 9666 9668 9670 9671,
  9672 9673 9674 9676 9677 9679 9680 9682 9684 9685,
  9686 9687 9689 9691 9692 9693 9694 9696 9698 9699,
  9700 9701 9704 9705 9708 9709 9710 9711 9712 9713
 output patran binary displacements
c
 compute displacements for loading test step      710
 output totals only reactions  9625 9627 9628,
  9630 9631 9633 9635 9636 9637 9638 9640 9642 9643,
  9644 9645 9647 9649 9650 9651 9652 9654 9656 9657,
  9658 9659 9661 9663 9664 9665 9666 9668 9670 9671,
  9672 9673 9674 9676 9677 9679 9680 9682 9684 9685,
  9686 9687 9689 9691 9692 9693 9694 9696 9698 9699,
  9700 9701 9704 9705 9708 9709 9710 9711 9712 9713
 output patran binary displacements
c
 compute displacements for loading test step      720
 output totals only reactions  9625 9627 9628,
  9630 9631 9633 9635 9636 9637 9638 9640 9642 9643,
  9644 9645 9647 9649 9650 9651 9652 9654 9656 9657,
  9658 9659 9661 9663 9664 9665 9666 9668 9670 9671,
  9672 9673 9674 9676 9677 9679 9680 9682 9684 9685,
  9686 9687 9689 9691 9692 9693 9694 9696 9698 9699,
  9700 9701 9704 9705 9708 9709 9710 9711 9712 9713
 output patran binary displacements
c
 compute displacements for loading test step      730
 output totals only reactions  9625 9627 9628,
  9630 9631 9633 9635 9636 9637 9638 9640 9642 9643,
  9644 9645 9647 9649 9650 9651 9652 9654 9656 9657,
  9658 9659 9661 9663 9664 9665 9666 9668 9670 9671,
  9672 9673 9674 9676 9677 9679 9680 9682 9684 9685,
  9686 9687 9689 9691 9692 9693 9694 9696 9698 9699,
  9700 9701 9704 9705 9708 9709 9710 9711 9712 9713
 output patran binary displacements
c
 compute displacements for loading test step      740
 output totals only reactions  9625 9627 9628,
  9630 9631 9633 9635 9636 9637 9638 9640 9642 9643,
  9644 9645 9647 9649 9650 9651 9652 9654 9656 9657,
  9658 9659 9661 9663 9664 9665 9666 9668 9670 9671,
  9672 9673 9674 9676 9677 9679 9680 9682 9684 9685,
  9686 9687 9689 9691 9692 9693 9694 9696 9698 9699,
  9700 9701 9704 9705 9708 9709 9710 9711 9712 9713
 output patran binary displacements
c
 compute displacements for loading test step      750
 output totals only reactions  9625 9627 9628,
  9630 9631 9633 9635 9636 9637 9638 9640 9642 9643,
  9644 9645 9647 9649 9650 9651 9652 9654 9656 9657,
  9658 9659 9661 9663 9664 9665 9666 9668 9670 9671,
  9672 9673 9674 9676 9677 9679 9680 9682 9684 9685,
  9686 9687 9689 9691 9692 9693 9694 9696 9698 9699,
  9700 9701 9704 9705 9708 9709 9710 9711 9712 9713
 output patran binary displacements
c
 compute displacements for loading test step      760
 output totals only reactions  9625 9627 9628,
  9630 9631 9633 9635 9636 9637 9638 9640 9642 9643,
  9644 9645 9647 9649 9650 9651 9652 9654 9656 9657,
  9658 9659 9661 9663 9664 9665 9666 9668 9670 9671,
  9672 9673 9674 9676 9677 9679 9680 9682 9684 9685,
  9686 9687 9689 9691 9692 9693 9694 9696 9698 9699,
  9700 9701 9704 9705 9708 9709 9710 9711 9712 9713
 output patran binary displacements
c
 compute displacements for loading test step      770
 output totals only reactions  9625 9627 9628,
  9630 9631 9633 9635 9636 9637 9638 9640 9642 9643,
  9644 9645 9647 9649 9650 9651 9652 9654 9656 9657,
  9658 9659 9661 9663 9664 9665 9666 9668 9670 9671,
  9672 9673 9674 9676 9677 9679 9680 9682 9684 9685,
  9686 9687 9689 9691 9692 9693 9694 9696 9698 9699,
  9700 9701 9704 9705 9708 9709 9710 9711 9712 9713
 output patran binary displacements
c
 compute displacements for loading test step      780
 output totals only reactions  9625 9627 9628,
  9630 9631 9633 9635 9636 9637 9638 9640 9642 9643,
  9644 9645 9647 9649 9650 9651 9652 9654 9656 9657,
  9658 9659 9661 9663 9664 9665 9666 9668 9670 9671,
  9672 9673 9674 9676 9677 9679 9680 9682 9684 9685,
  9686 9687 9689 9691 9692 9693 9694 9696 9698 9699,
  9700 9701 9704 9705 9708 9709 9710 9711 9712 9713
 output patran binary displacements
c
 compute displacements for loading test step      790
 output totals only reactions  9625 9627 9628,
  9630 9631 9633 9635 9636 9637 9638 9640 9642 9643,
  9644 9645 9647 9649 9650 9651 9652 9654 9656 9657,
  9658 9659 9661 9663 9664 9665 9666 9668 9670 9671,
  9672 9673 9674 9676 9677 9679 9680 9682 9684 9685,
  9686 9687 9689 9691 9692 9693 9694 9696 9698 9699,
  9700 9701 9704 9705 9708 9709 9710 9711 9712 9713
 output patran binary displacements
c
 compute displacements for loading test step      800
 output totals only reactions  9625 9627 9628,
  9630 9631 9633 9635 9636 9637 9638 9640 9642 9643,
  9644 9645 9647 9649 9650 9651 9652 9654 9656 9657,
  9658 9659 9661 9663 9664 9665 9666 9668 9670 9671,
  9672 9673 9674 9676 9677 9679 9680 9682 9684 9685,
  9686 9687 9689 9691 9692 9693 9694 9696 9698 9699,
  9700 9701 9704 9705 9708 9709 9710 9711 9712 9713
 output patran binary displacements
 save to file "B.rest"
c
 compute displacements for loading test step      810
 output totals only reactions  9625 9627 9628,
  9630 9631 9633 9635 9636 9637 9638 9640 9642 9643,
  9644 9645 9647 9649 9650 9651 9652 9654 9656 9657,
  9658 9659 9661 9663 9664 9665 9666 9668 9670 9671,
  9672 9673 9674 9676 9677 9679 9680 9682 9684 9685,
  9686 9687 9689 9691 9692 9693 9694 9696 9698 9699,
  9700 9701 9704 9705 9708 9709 9710 9711 9712 9713
 output patran binary displacements
c
 compute displacements for loading test step      820
 output totals only reactions  9625 9627 9628,
  9630 9631 9633 9635 9636 9637 9638 9640 9642 9643,
  9644 9645 9647 9649 9650 9651 9652 9654 9656 9657,
  9658 9659 9661 9663 9664 9665 9666 9668 9670 9671,
  9672 9673 9674 9676 9677 9679 9680 9682 9684 9685,
  9686 9687 9689 9691 9692 9693 9694 9696 9698 9699,
  9700 9701 9704 9705 9708 9709 9710 9711 9712 9713
 output patran binary displacements
c
 compute displacements for loading test step      830
 output totals only reactions  9625 9627 9628,
  9630 9631 9633 9635 9636 9637 9638 9640 9642 9643,
  9644 9645 9647 9649 9650 9651 9652 9654 9656 9657,
  9658 9659 9661 9663 9664 9665 9666 9668 9670 9671,
  9672 9673 9674 9676 9677 9679 9680 9682 9684 9685,
  9686 9687 9689 9691 9692 9693 9694 9696 9698 9699,
  9700 9701 9704 9705 9708 9709 9710 9711 9712 9713
 output patran binary displacements
c
 compute displacements for loading test step      840
 output totals only reactions  9625 9627 9628,
  9630 9631 9633 9635 9636 9637 9638 9640 9642 9643,
  9644 9645 9647 9649 9650 9651 9652 9654 9656 9657,
  9658 9659 9661 9663 9664 9665 9666 9668 9670 9671,
  9672 9673 9674 9676 9677 9679 9680 9682 9684 9685,
  9686 9687 9689 9691 9692 9693 9694 9696 9698 9699,
  9700 9701 9704 9705 9708 9709 9710 9711 9712 9713
 output patran binary displacements
c
 compute displacements for loading test step      850
 output totals only reactions  9625 9627 9628,
  9630 9631 9633 9635 9636 9637 9638 9640 9642 9643,
  9644 9645 9647 9649 9650 9651 9652 9654 9656 9657,
  9658 9659 9661 9663 9664 9665 9666 9668 9670 9671,
  9672 9673 9674 9676 9677 9679 9680 9682 9684 9685,
  9686 9687 9689 9691 9692 9693 9694 9696 9698 9699,
  9700 9701 9704 9705 9708 9709 9710 9711 9712 9713
 output patran binary displacements
c
 compute displacements for loading test step      860
 output totals only reactions  9625 9627 9628,
  9630 9631 9633 9635 9636 9637 9638 9640 9642 9643,
  9644 9645 9647 9649 9650 9651 9652 9654 9656 9657,
  9658 9659 9661 9663 9664 9665 9666 9668 9670 9671,
  9672 9673 9674 9676 9677 9679 9680 9682 9684 9685,
  9686 9687 9689 9691 9692 9693 9694 9696 9698 9699,
  9700 9701 9704 9705 9708 9709 9710 9711 9712 9713
 output patran binary displacements
c
 compute displacements for loading test step      870
 output totals only reactions  9625 9627 9628,
  9630 9631 9633 9635 9636 9637 9638 9640 9642 9643,
  9644 9645 9647 9649 9650 9651 9652 9654 9656 9657,
  9658 9659 9661 9663 9664 9665 9666 9668 9670 9671,
  9672 9673 9674 9676 9677 9679 9680 9682 9684 9685,
  9686 9687 9689 9691 9692 9693 9694 9696 9698 9699,
  9700 9701 9704 9705 9708 9709 9710 9711 9712 9713
 output patran binary displacements
c
 compute displacements for loading test step      880
 output totals only reactions  9625 9627 9628,
  9630 9631 9633 9635 9636 9637 9638 9640 9642 9643,
  9644 9645 9647 9649 9650 9651 9652 9654 9656 9657,
  9658 9659 9661 9663 9664 9665 9666 9668 9670 9671,
  9672 9673 9674 9676 9677 9679 9680 9682 9684 9685,
  9686 9687 9689 9691 9692 9693 9694 9696 9698 9699,
  9700 9701 9704 9705 9708 9709 9710 9711 9712 9713
 output patran binary displacements
c
 compute displacements for loading test step      890
 output totals only reactions  9625 9627 9628,
  9630 9631 9633 9635 9636 9637 9638 9640 9642 9643,
  9644 9645 9647 9649 9650 9651 9652 9654 9656 9657,
  9658 9659 9661 9663 9664 9665 9666 9668 9670 9671,
  9672 9673 9674 9676 9677 9679 9680 9682 9684 9685,
  9686 9687 9689 9691 9692 9693 9694 9696 9698 9699,
  9700 9701 9704 9705 9708 9709 9710 9711 9712 9713
 output patran binary displacements
c
 compute displacements for loading test step      900
 output totals only reactions  9625 9627 9628,
  9630 9631 9633 9635 9636 9637 9638 9640 9642 9643,
  9644 9645 9647 9649 9650 9651 9652 9654 9656 9657,
  9658 9659 9661 9663 9664 9665 9666 9668 9670 9671,
  9672 9673 9674 9676 9677 9679 9680 9682 9684 9685,
  9686 9687 9689 9691 9692 9693 9694 9696 9698 9699,
  9700 9701 9704 9705 9708 9709 9710 9711 9712 9713
 output patran binary displacements
c
 compute displacements for loading test step      910
 output totals only reactions  9625 9627 9628,
  9630 9631 9633 9635 9636 9637 9638 9640 9642 9643,
  9644 9645 9647 9649 9650 9651 9652 9654 9656 9657,
  9658 9659 9661 9663 9664 9665 9666 9668 9670 9671,
  9672 9673 9674 9676 9677 9679 9680 9682 9684 9685,
  9686 9687 9689 9691 9692 9693 9694 9696 9698 9699,
  9700 9701 9704 9705 9708 9709 9710 9711 9712 9713
 output patran binary displacements
c
 compute displacements for loading test step      920
 output totals only reactions  9625 9627 9628,
  9630 9631 9633 9635 9636 9637 9638 9640 9642 9643,
  9644 9645 9647 9649 9650 9651 9652 9654 9656 9657,
  9658 9659 9661 9663 9664 9665 9666 9668 9670 9671,
  9672 9673 9674 9676 9677 9679 9680 9682 9684 9685,
  9686 9687 9689 9691 9692 9693 9694 9696 9698 9699,
  9700 9701 9704 9705 9708 9709 9710 9711 9712 9713
 output patran binary displacements
c
 compute displacements for loading test step      930
 output totals only reactions  9625 9627 9628,
  9630 9631 9633 9635 9636 9637 9638 9640 9642 9643,
  9644 9645 9647 9649 9650 9651 9652 9654 9656 9657,
  9658 9659 9661 9663 9664 9665 9666 9668 9670 9671,
  9672 9673 9674 9676 9677 9679 9680 9682 9684 9685,
  9686 9687 9689 9691 9692 9693 9694 9696 9698 9699,
  9700 9701 9704 9705 9708 9709 9710 9711 9712 9713
 output patran binary displacements
c
 compute displacements for loading test step      940
 output totals only reactions  9625 9627 9628,
  9630 9631 9633 9635 9636 9637 9638 9640 9642 9643,
  9644 9645 9647 9649 9650 9651 9652 9654 9656 9657,
  9658 9659 9661 9663 9664 9665 9666 9668 9670 9671,
  9672 9673 9674 9676 9677 9679 9680 9682 9684 9685,
  9686 9687 9689 9691 9692 9693 9694 9696 9698 9699,
  9700 9701 9704 9705 9708 9709 9710 9711 9712 9713
 output patran binary displacements
c
 compute displacements for loading test step      950
 output totals only reactions  9625 9627 9628,
  9630 9631 9633 9635 9636 9637 9638 9640 9642 9643,
  9644 9645 9647 9649 9650 9651 9652 9654 9656 9657,
  9658 9659 9661 9663 9664 9665 9666 9668 9670 9671,
  9672 9673 9674 9676 9677 9679 9680 9682 9684 9685,
  9686 9687 9689 9691 9692 9693 9694 9696 9698 9699,
  9700 9701 9704 9705 9708 9709 9710 9711 9712 9713
 output patran binary displacements
c
 compute displacements for loading test step      960
 output totals only reactions  9625 9627 9628,
  9630 9631 9633 9635 9636 9637 9638 9640 9642 9643,
  9644 9645 9647 9649 9650 9651 9652 9654 9656 9657,
  9658 9659 9661 9663 9664 9665 9666 9668 9670 9671,
  9672 9673 9674 9676 9677 9679 9680 9682 9684 9685,
  9686 9687 9689 9691 9692 9693 9694 9696 9698 9699,
  9700 9701 9704 9705 9708 9709 9710 9711 9712 9713
 output patran binary displacements
c
 compute displacements for loading test step      970
 output totals only reactions  9625 9627 9628,
  9630 9631 9633 9635 9636 9637 9638 9640 9642 9643,
  9644 9645 9647 9649 9650 9651 9652 9654 9656 9657,
  9658 9659 9661 9663 9664 9665 9666 9668 9670 9671,
  9672 9673 9674 9676 9677 9679 9680 9682 9684 9685,
  9686 9687 9689 9691 9692 9693 9694 9696 9698 9699,
  9700 9701 9704 9705 9708 9709 9710 9711 9712 9713
 output patran binary displacements
c
 compute displacements for loading test step      980
 output totals only reactions  9625 9627 9628,
  9630 9631 9633 9635 9636 9637 9638 9640 9642 9643,
  9644 9645 9647 9649 9650 9651 9652 9654 9656 9657,
  9658 9659 9661 9663 9664 9665 9666 9668 9670 9671,
  9672 9673 9674 9676 9677 9679 9680 9682 9684 9685,
  9686 9687 9689 9691 9692 9693 9694 9696 9698 9699,
  9700 9701 9704 9705 9708 9709 9710 9711 9712 9713
 output patran binary displacements
c
 compute displacements for loading test step      990
 output totals only reactions  9625 9627 9628,
  9630 9631 9633 9635 9636 9637 9638 9640 9642 9643,
  9644 9645 9647 9649 9650 9651 9652 9654 9656 9657,
  9658 9659 9661 9663 9664 9665 9666 9668 9670 9671,
  9672 9673 9674 9676 9677 9679 9680 9682 9684 9685,
  9686 9687 9689 9691 9692 9693 9694 9696 9698 9699,
  9700 9701 9704 9705 9708 9709 9710 9711 9712 9713
 output patran binary displacements
c
 compute displacements for loading test step     1000
 output totals only reactions  9625 9627 9628,
  9630 9631 9633 9635 9636 9637 9638 9640 9642 9643,
  9644 9645 9647 9649 9650 9651 9652 9654 9656 9657,
  9658 9659 9661 9663 9664 9665 9666 9668 9670 9671,
  9672 9673 9674 9676 9677 9679 9680 9682 9684 9685,
  9686 9687 9689 9691 9692 9693 9694 9696 9698 9699,
  9700 9701 9704 9705 9708 9709 9710 9711 9712 9713
 output patran binary displacements
 save to file "A.rest"
c
 compute displacements for loading test step     1010
 output totals only reactions  9625 9627 9628,
  9630 9631 9633 9635 9636 9637 9638 9640 9642 9643,
  9644 9645 9647 9649 9650 9651 9652 9654 9656 9657,
  9658 9659 9661 9663 9664 9665 9666 9668 9670 9671,
  9672 9673 9674 9676 9677 9679 9680 9682 9684 9685,
  9686 9687 9689 9691 9692 9693 9694 9696 9698 9699,
  9700 9701 9704 9705 9708 9709 9710 9711 9712 9713
 output patran binary displacements
c
 compute displacements for loading test step     1020
 output totals only reactions  9625 9627 9628,
  9630 9631 9633 9635 9636 9637 9638 9640 9642 9643,
  9644 9645 9647 9649 9650 9651 9652 9654 9656 9657,
  9658 9659 9661 9663 9664 9665 9666 9668 9670 9671,
  9672 9673 9674 9676 9677 9679 9680 9682 9684 9685,
  9686 9687 9689 9691 9692 9693 9694 9696 9698 9699,
  9700 9701 9704 9705 9708 9709 9710 9711 9712 9713
 output patran binary displacements
c
 compute displacements for loading test step     1030
 output totals only reactions  9625 9627 9628,
  9630 9631 9633 9635 9636 9637 9638 9640 9642 9643,
  9644 9645 9647 9649 9650 9651 9652 9654 9656 9657,
  9658 9659 9661 9663 9664 9665 9666 9668 9670 9671,
  9672 9673 9674 9676 9677 9679 9680 9682 9684 9685,
  9686 9687 9689 9691 9692 9693 9694 9696 9698 9699,
  9700 9701 9704 9705 9708 9709 9710 9711 9712 9713
 output patran binary displacements
c
 compute displacements for loading test step     1040
 output totals only reactions  9625 9627 9628,
  9630 9631 9633 9635 9636 9637 9638 9640 9642 9643,
  9644 9645 9647 9649 9650 9651 9652 9654 9656 9657,
  9658 9659 9661 9663 9664 9665 9666 9668 9670 9671,
  9672 9673 9674 9676 9677 9679 9680 9682 9684 9685,
  9686 9687 9689 9691 9692 9693 9694 9696 9698 9699,
  9700 9701 9704 9705 9708 9709 9710 9711 9712 9713
 output patran binary displacements
c
 compute displacements for loading test step     1050
 output totals only reactions  9625 9627 9628,
  9630 9631 9633 9635 9636 9637 9638 9640 9642 9643,
  9644 9645 9647 9649 9650 9651 9652 9654 9656 9657,
  9658 9659 9661 9663 9664 9665 9666 9668 9670 9671,
  9672 9673 9674 9676 9677 9679 9680 9682 9684 9685,
  9686 9687 9689 9691 9692 9693 9694 9696 9698 9699,
  9700 9701 9704 9705 9708 9709 9710 9711 9712 9713
 output patran binary displacements
c
 compute displacements for loading test step     1060
 output totals only reactions  9625 9627 9628,
  9630 9631 9633 9635 9636 9637 9638 9640 9642 9643,
  9644 9645 9647 9649 9650 9651 9652 9654 9656 9657,
  9658 9659 9661 9663 9664 9665 9666 9668 9670 9671,
  9672 9673 9674 9676 9677 9679 9680 9682 9684 9685,
  9686 9687 9689 9691 9692 9693 9694 9696 9698 9699,
  9700 9701 9704 9705 9708 9709 9710 9711 9712 9713
 output patran binary displacements
c
 compute displacements for loading test step     1070
 output totals only reactions  9625 9627 9628,
  9630 9631 9633 9635 9636 9637 9638 9640 9642 9643,
  9644 9645 9647 9649 9650 9651 9652 9654 9656 9657,
  9658 9659 9661 9663 9664 9665 9666 9668 9670 9671,
  9672 9673 9674 9676 9677 9679 9680 9682 9684 9685,
  9686 9687 9689 9691 9692 9693 9694 9696 9698 9699,
  9700 9701 9704 9705 9708 9709 9710 9711 9712 9713
 output patran binary displacements
c
 compute displacements for loading test step     1080
 output totals only reactions  9625 9627 9628,
  9630 9631 9633 9635 9636 9637 9638 9640 9642 9643,
  9644 9645 9647 9649 9650 9651 9652 9654 9656 9657,
  9658 9659 9661 9663 9664 9665 9666 9668 9670 9671,
  9672 9673 9674 9676 9677 9679 9680 9682 9684 9685,
  9686 9687 9689 9691 9692 9693 9694 9696 9698 9699,
  9700 9701 9704 9705 9708 9709 9710 9711 9712 9713
 output patran binary displacements
c
 compute displacements for loading test step     1090
 output totals only reactions  9625 9627 9628,
  9630 9631 9633 9635 9636 9637 9638 9640 9642 9643,
  9644 9645 9647 9649 9650 9651 9652 9654 9656 9657,
  9658 9659 9661 9663 9664 9665 9666 9668 9670 9671,
  9672 9673 9674 9676 9677 9679 9680 9682 9684 9685,
  9686 9687 9689 9691 9692 9693 9694 9696 9698 9699,
  9700 9701 9704 9705 9708 9709 9710 9711 9712 9713
 output patran binary displacements
c
 compute displacements for loading test step     1100
 output totals only reactions  9625 9627 9628,
  9630 9631 9633 9635 9636 9637 9638 9640 9642 9643,
  9644 9645 9647 9649 9650 9651 9652 9654 9656 9657,
  9658 9659 9661 9663 9664 9665 9666 9668 9670 9671,
  9672 9673 9674 9676 9677 9679 9680 9682 9684 9685,
  9686 9687 9689 9691 9692 9693 9694 9696 9698 9699,
  9700 9701 9704 9705 9708 9709 9710 9711 9712 9713
 output patran binary displacements
c
 compute displacements for loading test step     1110
 output totals only reactions  9625 9627 9628,
  9630 9631 9633 9635 9636 9637 9638 9640 9642 9643,
  9644 9645 9647 9649 9650 9651 9652 9654 9656 9657,
  9658 9659 9661 9663 9664 9665 9666 9668 9670 9671,
  9672 9673 9674 9676 9677 9679 9680 9682 9684 9685,
  9686 9687 9689 9691 9692 9693 9694 9696 9698 9699,
  9700 9701 9704 9705 9708 9709 9710 9711 9712 9713
 output patran binary displacements
c
 compute displacements for loading test step     1120
 output totals only reactions  9625 9627 9628,
  9630 9631 9633 9635 9636 9637 9638 9640 9642 9643,
  9644 9645 9647 9649 9650 9651 9652 9654 9656 9657,
  9658 9659 9661 9663 9664 9665 9666 9668 9670 9671,
  9672 9673 9674 9676 9677 9679 9680 9682 9684 9685,
  9686 9687 9689 9691 9692 9693 9694 9696 9698 9699,
  9700 9701 9704 9705 9708 9709 9710 9711 9712 9713
 output patran binary displacements
c
 compute displacements for loading test step     1130
 output totals only reactions  9625 9627 9628,
  9630 9631 9633 9635 9636 9637 9638 9640 9642 9643,
  9644 9645 9647 9649 9650 9651 9652 9654 9656 9657,
  9658 9659 9661 9663 9664 9665 9666 9668 9670 9671,
  9672 9673 9674 9676 9677 9679 9680 9682 9684 9685,
  9686 9687 9689 9691 9692 9693 9694 9696 9698 9699,
  9700 9701 9704 9705 9708 9709 9710 9711 9712 9713
 output patran binary displacements
c
 compute displacements for loading test step     1140
 output totals only reactions  9625 9627 9628,
  9630 9631 9633 9635 9636 9637 9638 9640 9642 9643,
  9644 9645 9647 9649 9650 9651 9652 9654 9656 9657,
  9658 9659 9661 9663 9664 9665 9666 9668 9670 9671,
  9672 9673 9674 9676 9677 9679 9680 9682 9684 9685,
  9686 9687 9689 9691 9692 9693 9694 9696 9698 9699,
  9700 9701 9704 9705 9708 9709 9710 9711 9712 9713
 output patran binary displacements
c
 compute displacements for loading test step     1150
 output totals only reactions  9625 9627 9628,
  9630 9631 9633 9635 9636 9637 9638 9640 9642 9643,
  9644 9645 9647 9649 9650 9651 9652 9654 9656 9657,
  9658 9659 9661 9663 9664 9665 9666 9668 9670 9671,
  9672 9673 9674 9676 9677 9679 9680 9682 9684 9685,
  9686 9687 9689 9691 9692 9693 9694 9696 9698 9699,
  9700 9701 9704 9705 9708 9709 9710 9711 9712 9713
 output patran binary displacements
c
 compute displacements for loading test step     1160
 output totals only reactions  9625 9627 9628,
  9630 9631 9633 9635 9636 9637 9638 9640 9642 9643,
  9644 9645 9647 9649 9650 9651 9652 9654 9656 9657,
  9658 9659 9661 9663 9664 9665 9666 9668 9670 9671,
  9672 9673 9674 9676 9677 9679 9680 9682 9684 9685,
  9686 9687 9689 9691 9692 9693 9694 9696 9698 9699,
  9700 9701 9704 9705 9708 9709 9710 9711 9712 9713
 output patran binary displacements
c
 compute displacements for loading test step     1170
 output totals only reactions  9625 9627 9628,
  9630 9631 9633 9635 9636 9637 9638 9640 9642 9643,
  9644 9645 9647 9649 9650 9651 9652 9654 9656 9657,
  9658 9659 9661 9663 9664 9665 9666 9668 9670 9671,
  9672 9673 9674 9676 9677 9679 9680 9682 9684 9685,
  9686 9687 9689 9691 9692 9693 9694 9696 9698 9699,
  9700 9701 9704 9705 9708 9709 9710 9711 9712 9713
 output patran binary displacements
c
 compute displacements for loading test step     1180
 output totals only reactions  9625 9627 9628,
  9630 9631 9633 9635 9636 9637 9638 9640 9642 9643,
  9644 9645 9647 9649 9650 9651 9652 9654 9656 9657,
  9658 9659 9661 9663 9664 9665 9666 9668 9670 9671,
  9672 9673 9674 9676 9677 9679 9680 9682 9684 9685,
  9686 9687 9689 9691 9692 9693 9694 9696 9698 9699,
  9700 9701 9704 9705 9708 9709 9710 9711 9712 9713
 output patran binary displacements
c
 compute displacements for loading test step     1190
 output totals only reactions  9625 9627 9628,
  9630 9631 9633 9635 9636 9637 9638 9640 9642 9643,
  9644 9645 9647 9649 9650 9651 9652 9654 9656 9657,
  9658 9659 9661 9663 9664 9665 9666 9668 9670 9671,
  9672 9673 9674 9676 9677 9679 9680 9682 9684 9685,
  9686 9687 9689 9691 9692 9693 9694 9696 9698 9699,
  9700 9701 9704 9705 9708 9709 9710 9711 9712 9713
 output patran binary displacements
c
 compute displacements for loading test step     1200
 output totals only reactions  9625 9627 9628,
  9630 9631 9633 9635 9636 9637 9638 9640 9642 9643,
  9644 9645 9647 9649 9650 9651 9652 9654 9656 9657,
  9658 9659 9661 9663 9664 9665 9666 9668 9670 9671,
  9672 9673 9674 9676 9677 9679 9680 9682 9684 9685,
  9686 9687 9689 9691 9692 9693 9694 9696 9698 9699,
  9700 9701 9704 9705 9708 9709 9710 9711 9712 9713
 output patran binary displacements
 save to file "B.rest"
c
 compute displacements for loading test step     1210
 output totals only reactions  9625 9627 9628,
  9630 9631 9633 9635 9636 9637 9638 9640 9642 9643,
  9644 9645 9647 9649 9650 9651 9652 9654 9656 9657,
  9658 9659 9661 9663 9664 9665 9666 9668 9670 9671,
  9672 9673 9674 9676 9677 9679 9680 9682 9684 9685,
  9686 9687 9689 9691 9692 9693 9694 9696 9698 9699,
  9700 9701 9704 9705 9708 9709 9710 9711 9712 9713
 output patran binary displacements
c
 compute displacements for loading test step     1220
 output totals only reactions  9625 9627 9628,
  9630 9631 9633 9635 9636 9637 9638 9640 9642 9643,
  9644 9645 9647 9649 9650 9651 9652 9654 9656 9657,
  9658 9659 9661 9663 9664 9665 9666 9668 9670 9671,
  9672 9673 9674 9676 9677 9679 9680 9682 9684 9685,
  9686 9687 9689 9691 9692 9693 9694 9696 9698 9699,
  9700 9701 9704 9705 9708 9709 9710 9711 9712 9713
 output patran binary displacements
c
 compute displacements for loading test step     1230
 output totals only reactions  9625 9627 9628,
  9630 9631 9633 9635 9636 9637 9638 9640 9642 9643,
  9644 9645 9647 9649 9650 9651 9652 9654 9656 9657,
  9658 9659 9661 9663 9664 9665 9666 9668 9670 9671,
  9672 9673 9674 9676 9677 9679 9680 9682 9684 9685,
  9686 9687 9689 9691 9692 9693 9694 9696 9698 9699,
  9700 9701 9704 9705 9708 9709 9710 9711 9712 9713
 output patran binary displacements
c
 compute displacements for loading test step     1240
 output totals only reactions  9625 9627 9628,
  9630 9631 9633 9635 9636 9637 9638 9640 9642 9643,
  9644 9645 9647 9649 9650 9651 9652 9654 9656 9657,
  9658 9659 9661 9663 9664 9665 9666 9668 9670 9671,
  9672 9673 9674 9676 9677 9679 9680 9682 9684 9685,
  9686 9687 9689 9691 9692 9693 9694 9696 9698 9699,
  9700 9701 9704 9705 9708 9709 9710 9711 9712 9713
 output patran binary displacements
c
 compute displacements for loading test step     1250
 output totals only reactions  9625 9627 9628,
  9630 9631 9633 9635 9636 9637 9638 9640 9642 9643,
  9644 9645 9647 9649 9650 9651 9652 9654 9656 9657,
  9658 9659 9661 9663 9664 9665 9666 9668 9670 9671,
  9672 9673 9674 9676 9677 9679 9680 9682 9684 9685,
  9686 9687 9689 9691 9692 9693 9694 9696 9698 9699,
  9700 9701 9704 9705 9708 9709 9710 9711 9712 9713
 output patran binary displacements
c
 compute displacements for loading test step     1260
 output totals only reactions  9625 9627 9628,
  9630 9631 9633 9635 9636 9637 9638 9640 9642 9643,
  9644 9645 9647 9649 9650 9651 9652 9654 9656 9657,
  9658 9659 9661 9663 9664 9665 9666 9668 9670 9671,
  9672 9673 9674 9676 9677 9679 9680 9682 9684 9685,
  9686 9687 9689 9691 9692 9693 9694 9696 9698 9699,
  9700 9701 9704 9705 9708 9709 9710 9711 9712 9713
 output patran binary displacements
c
 compute displacements for loading test step     1270
 output totals only reactions  9625 9627 9628,
  9630 9631 9633 9635 9636 9637 9638 9640 9642 9643,
  9644 9645 9647 9649 9650 9651 9652 9654 9656 9657,
  9658 9659 9661 9663 9664 9665 9666 9668 9670 9671,
  9672 9673 9674 9676 9677 9679 9680 9682 9684 9685,
  9686 9687 9689 9691 9692 9693 9694 9696 9698 9699,
  9700 9701 9704 9705 9708 9709 9710 9711 9712 9713
 output patran binary displacements
c
 compute displacements for loading test step     1280
 output totals only reactions  9625 9627 9628,
  9630 9631 9633 9635 9636 9637 9638 9640 9642 9643,
  9644 9645 9647 9649 9650 9651 9652 9654 9656 9657,
  9658 9659 9661 9663 9664 9665 9666 9668 9670 9671,
  9672 9673 9674 9676 9677 9679 9680 9682 9684 9685,
  9686 9687 9689 9691 9692 9693 9694 9696 9698 9699,
  9700 9701 9704 9705 9708 9709 9710 9711 9712 9713
 output patran binary displacements
c
 compute displacements for loading test step     1290
 output totals only reactions  9625 9627 9628,
  9630 9631 9633 9635 9636 9637 9638 9640 9642 9643,
  9644 9645 9647 9649 9650 9651 9652 9654 9656 9657,
  9658 9659 9661 9663 9664 9665 9666 9668 9670 9671,
  9672 9673 9674 9676 9677 9679 9680 9682 9684 9685,
  9686 9687 9689 9691 9692 9693 9694 9696 9698 9699,
  9700 9701 9704 9705 9708 9709 9710 9711 9712 9713
 output patran binary displacements
c
 compute displacements for loading test step     1300
 output totals only reactions  9625 9627 9628,
  9630 9631 9633 9635 9636 9637 9638 9640 9642 9643,
  9644 9645 9647 9649 9650 9651 9652 9654 9656 9657,
  9658 9659 9661 9663 9664 9665 9666 9668 9670 9671,
  9672 9673 9674 9676 9677 9679 9680 9682 9684 9685,
  9686 9687 9689 9691 9692 9693 9694 9696 9698 9699,
  9700 9701 9704 9705 9708 9709 9710 9711 9712 9713
 output patran binary displacements
c
 compute displacements for loading test step     1310
 output totals only reactions  9625 9627 9628,
  9630 9631 9633 9635 9636 9637 9638 9640 9642 9643,
  9644 9645 9647 9649 9650 9651 9652 9654 9656 9657,
  9658 9659 9661 9663 9664 9665 9666 9668 9670 9671,
  9672 9673 9674 9676 9677 9679 9680 9682 9684 9685,
  9686 9687 9689 9691 9692 9693 9694 9696 9698 9699,
  9700 9701 9704 9705 9708 9709 9710 9711 9712 9713
 output patran binary displacements
c
 compute displacements for loading test step     1320
 output totals only reactions  9625 9627 9628,
  9630 9631 9633 9635 9636 9637 9638 9640 9642 9643,
  9644 9645 9647 9649 9650 9651 9652 9654 9656 9657,
  9658 9659 9661 9663 9664 9665 9666 9668 9670 9671,
  9672 9673 9674 9676 9677 9679 9680 9682 9684 9685,
  9686 9687 9689 9691 9692 9693 9694 9696 9698 9699,
  9700 9701 9704 9705 9708 9709 9710 9711 9712 9713
 output patran binary displacements
c
 compute displacements for loading test step     1330
 output totals only reactions  9625 9627 9628,
  9630 9631 9633 9635 9636 9637 9638 9640 9642 9643,
  9644 9645 9647 9649 9650 9651 9652 9654 9656 9657,
  9658 9659 9661 9663 9664 9665 9666 9668 9670 9671,
  9672 9673 9674 9676 9677 9679 9680 9682 9684 9685,
  9686 9687 9689 9691 9692 9693 9694 9696 9698 9699,
  9700 9701 9704 9705 9708 9709 9710 9711 9712 9713
 output patran binary displacements
c
 compute displacements for loading test step     1340
 output totals only reactions  9625 9627 9628,
  9630 9631 9633 9635 9636 9637 9638 9640 9642 9643,
  9644 9645 9647 9649 9650 9651 9652 9654 9656 9657,
  9658 9659 9661 9663 9664 9665 9666 9668 9670 9671,
  9672 9673 9674 9676 9677 9679 9680 9682 9684 9685,
  9686 9687 9689 9691 9692 9693 9694 9696 9698 9699,
  9700 9701 9704 9705 9708 9709 9710 9711 9712 9713
 output patran binary displacements
c
 compute displacements for loading test step     1350
 output totals only reactions  9625 9627 9628,
  9630 9631 9633 9635 9636 9637 9638 9640 9642 9643,
  9644 9645 9647 9649 9650 9651 9652 9654 9656 9657,
  9658 9659 9661 9663 9664 9665 9666 9668 9670 9671,
  9672 9673 9674 9676 9677 9679 9680 9682 9684 9685,
  9686 9687 9689 9691 9692 9693 9694 9696 9698 9699,
  9700 9701 9704 9705 9708 9709 9710 9711 9712 9713
 output patran binary displacements
c
 compute displacements for loading test step     1360
 output totals only reactions  9625 9627 9628,
  9630 9631 9633 9635 9636 9637 9638 9640 9642 9643,
  9644 9645 9647 9649 9650 9651 9652 9654 9656 9657,
  9658 9659 9661 9663 9664 9665 9666 9668 9670 9671,
  9672 9673 9674 9676 9677 9679 9680 9682 9684 9685,
  9686 9687 9689 9691 9692 9693 9694 9696 9698 9699,
  9700 9701 9704 9705 9708 9709 9710 9711 9712 9713
 output patran binary displacements
c
 compute displacements for loading test step     1370
 output totals only reactions  9625 9627 9628,
  9630 9631 9633 9635 9636 9637 9638 9640 9642 9643,
  9644 9645 9647 9649 9650 9651 9652 9654 9656 9657,
  9658 9659 9661 9663 9664 9665 9666 9668 9670 9671,
  9672 9673 9674 9676 9677 9679 9680 9682 9684 9685,
  9686 9687 9689 9691 9692 9693 9694 9696 9698 9699,
  9700 9701 9704 9705 9708 9709 9710 9711 9712 9713
 output patran binary displacements
c
 compute displacements for loading test step     1380
 output totals only reactions  9625 9627 9628,
  9630 9631 9633 9635 9636 9637 9638 9640 9642 9643,
  9644 9645 9647 9649 9650 9651 9652 9654 9656 9657,
  9658 9659 9661 9663 9664 9665 9666 9668 9670 9671,
  9672 9673 9674 9676 9677 9679 9680 9682 9684 9685,
  9686 9687 9689 9691 9692 9693 9694 9696 9698 9699,
  9700 9701 9704 9705 9708 9709 9710 9711 9712 9713
 output patran binary displacements
c
 compute displacements for loading test step     1390
 output totals only reactions  9625 9627 9628,
  9630 9631 9633 9635 9636 9637 9638 9640 9642 9643,
  9644 9645 9647 9649 9650 9651 9652 9654 9656 9657,
  9658 9659 9661 9663 9664 9665 9666 9668 9670 9671,
  9672 9673 9674 9676 9677 9679 9680 9682 9684 9685,
  9686 9687 9689 9691 9692 9693 9694 9696 9698 9699,
  9700 9701 9704 9705 9708 9709 9710 9711 9712 9713
 output patran binary displacements
c
 compute displacements for loading test step     1400
 output totals only reactions  9625 9627 9628,
  9630 9631 9633 9635 9636 9637 9638 9640 9642 9643,
  9644 9645 9647 9649 9650 9651 9652 9654 9656 9657,
  9658 9659 9661 9663 9664 9665 9666 9668 9670 9671,
  9672 9673 9674 9676 9677 9679 9680 9682 9684 9685,
  9686 9687 9689 9691 9692 9693 9694 9696 9698 9699,
  9700 9701 9704 9705 9708 9709 9710 9711 9712 9713
 output patran binary displacements
 save to file "A.rest"
c
 compute displacements for loading test step     1410
 output totals only reactions  9625 9627 9628,
  9630 9631 9633 9635 9636 9637 9638 9640 9642 9643,
  9644 9645 9647 9649 9650 9651 9652 9654 9656 9657,
  9658 9659 9661 9663 9664 9665 9666 9668 9670 9671,
  9672 9673 9674 9676 9677 9679 9680 9682 9684 9685,
  9686 9687 9689 9691 9692 9693 9694 9696 9698 9699,
  9700 9701 9704 9705 9708 9709 9710 9711 9712 9713
 output patran binary displacements
c
 compute displacements for loading test step     1420
 output totals only reactions  9625 9627 9628,
  9630 9631 9633 9635 9636 9637 9638 9640 9642 9643,
  9644 9645 9647 9649 9650 9651 9652 9654 9656 9657,
  9658 9659 9661 9663 9664 9665 9666 9668 9670 9671,
  9672 9673 9674 9676 9677 9679 9680 9682 9684 9685,
  9686 9687 9689 9691 9692 9693 9694 9696 9698 9699,
  9700 9701 9704 9705 9708 9709 9710 9711 9712 9713
 output patran binary displacements
c
 compute displacements for loading test step     1430
 output totals only reactions  9625 9627 9628,
  9630 9631 9633 9635 9636 9637 9638 9640 9642 9643,
  9644 9645 9647 9649 9650 9651 9652 9654 9656 9657,
  9658 9659 9661 9663 9664 9665 9666 9668 9670 9671,
  9672 9673 9674 9676 9677 9679 9680 9682 9684 9685,
  9686 9687 9689 9691 9692 9693 9694 9696 9698 9699,
  9700 9701 9704 9705 9708 9709 9710 9711 9712 9713
 output patran binary displacements
c
 compute displacements for loading test step     1440
 output totals only reactions  9625 9627 9628,
  9630 9631 9633 9635 9636 9637 9638 9640 9642 9643,
  9644 9645 9647 9649 9650 9651 9652 9654 9656 9657,
  9658 9659 9661 9663 9664 9665 9666 9668 9670 9671,
  9672 9673 9674 9676 9677 9679 9680 9682 9684 9685,
  9686 9687 9689 9691 9692 9693 9694 9696 9698 9699,
  9700 9701 9704 9705 9708 9709 9710 9711 9712 9713
 output patran binary displacements
c
 compute displacements for loading test step     1450
 output totals only reactions  9625 9627 9628,
  9630 9631 9633 9635 9636 9637 9638 9640 9642 9643,
  9644 9645 9647 9649 9650 9651 9652 9654 9656 9657,
  9658 9659 9661 9663 9664 9665 9666 9668 9670 9671,
  9672 9673 9674 9676 9677 9679 9680 9682 9684 9685,
  9686 9687 9689 9691 9692 9693 9694 9696 9698 9699,
  9700 9701 9704 9705 9708 9709 9710 9711 9712 9713
 output patran binary displacements
c
 compute displacements for loading test step     1460
 output totals only reactions  9625 9627 9628,
  9630 9631 9633 9635 9636 9637 9638 9640 9642 9643,
  9644 9645 9647 9649 9650 9651 9652 9654 9656 9657,
  9658 9659 9661 9663 9664 9665 9666 9668 9670 9671,
  9672 9673 9674 9676 9677 9679 9680 9682 9684 9685,
  9686 9687 9689 9691 9692 9693 9694 9696 9698 9699,
  9700 9701 9704 9705 9708 9709 9710 9711 9712 9713
 output patran binary displacements
c
 compute displacements for loading test step     1470
 output totals only reactions  9625 9627 9628,
  9630 9631 9633 9635 9636 9637 9638 9640 9642 9643,
  9644 9645 9647 9649 9650 9651 9652 9654 9656 9657,
  9658 9659 9661 9663 9664 9665 9666 9668 9670 9671,
  9672 9673 9674 9676 9677 9679 9680 9682 9684 9685,
  9686 9687 9689 9691 9692 9693 9694 9696 9698 9699,
  9700 9701 9704 9705 9708 9709 9710 9711 9712 9713
 output patran binary displacements
c
 compute displacements for loading test step     1480
 output totals only reactions  9625 9627 9628,
  9630 9631 9633 9635 9636 9637 9638 9640 9642 9643,
  9644 9645 9647 9649 9650 9651 9652 9654 9656 9657,
  9658 9659 9661 9663 9664 9665 9666 9668 9670 9671,
  9672 9673 9674 9676 9677 9679 9680 9682 9684 9685,
  9686 9687 9689 9691 9692 9693 9694 9696 9698 9699,
  9700 9701 9704 9705 9708 9709 9710 9711 9712 9713
 output patran binary displacements
c
 compute displacements for loading test step     1490
 output totals only reactions  9625 9627 9628,
  9630 9631 9633 9635 9636 9637 9638 9640 9642 9643,
  9644 9645 9647 9649 9650 9651 9652 9654 9656 9657,
  9658 9659 9661 9663 9664 9665 9666 9668 9670 9671,
  9672 9673 9674 9676 9677 9679 9680 9682 9684 9685,
  9686 9687 9689 9691 9692 9693 9694 9696 9698 9699,
  9700 9701 9704 9705 9708 9709 9710 9711 9712 9713
 output patran binary displacements
c
 compute displacements for loading test step     1500
 output totals only reactions  9625 9627 9628,
  9630 9631 9633 9635 9636 9637 9638 9640 9642 9643,
  9644 9645 9647 9649 9650 9651 9652 9654 9656 9657,
  9658 9659 9661 9663 9664 9665 9666 9668 9670 9671,
  9672 9673 9674 9676 9677 9679 9680 9682 9684 9685,
  9686 9687 9689 9691 9692 9693 9694 9696 9698 9699,
  9700 9701 9704 9705 9708 9709 9710 9711 9712 9713
 output patran binary displacements
c
 compute displacements for loading test step     1510
 output totals only reactions  9625 9627 9628,
  9630 9631 9633 9635 9636 9637 9638 9640 9642 9643,
  9644 9645 9647 9649 9650 9651 9652 9654 9656 9657,
  9658 9659 9661 9663 9664 9665 9666 9668 9670 9671,
  9672 9673 9674 9676 9677 9679 9680 9682 9684 9685,
  9686 9687 9689 9691 9692 9693 9694 9696 9698 9699,
  9700 9701 9704 9705 9708 9709 9710 9711 9712 9713
 output patran binary displacements
c
 compute displacements for loading test step     1520
 output totals only reactions  9625 9627 9628,
  9630 9631 9633 9635 9636 9637 9638 9640 9642 9643,
  9644 9645 9647 9649 9650 9651 9652 9654 9656 9657,
  9658 9659 9661 9663 9664 9665 9666 9668 9670 9671,
  9672 9673 9674 9676 9677 9679 9680 9682 9684 9685,
  9686 9687 9689 9691 9692 9693 9694 9696 9698 9699,
  9700 9701 9704 9705 9708 9709 9710 9711 9712 9713
 output patran binary displacements
c
 compute displacements for loading test step     1530
 output totals only reactions  9625 9627 9628,
  9630 9631 9633 9635 9636 9637 9638 9640 9642 9643,
  9644 9645 9647 9649 9650 9651 9652 9654 9656 9657,
  9658 9659 9661 9663 9664 9665 9666 9668 9670 9671,
  9672 9673 9674 9676 9677 9679 9680 9682 9684 9685,
  9686 9687 9689 9691 9692 9693 9694 9696 9698 9699,
  9700 9701 9704 9705 9708 9709 9710 9711 9712 9713
 output patran binary displacements
c
 compute displacements for loading test step     1540
 output totals only reactions  9625 9627 9628,
  9630 9631 9633 9635 9636 9637 9638 9640 9642 9643,
  9644 9645 9647 9649 9650 9651 9652 9654 9656 9657,
  9658 9659 9661 9663 9664 9665 9666 9668 9670 9671,
  9672 9673 9674 9676 9677 9679 9680 9682 9684 9685,
  9686 9687 9689 9691 9692 9693 9694 9696 9698 9699,
  9700 9701 9704 9705 9708 9709 9710 9711 9712 9713
 output patran binary displacements
c
 compute displacements for loading test step     1550
 output totals only reactions  9625 9627 9628,
  9630 9631 9633 9635 9636 9637 9638 9640 9642 9643,
  9644 9645 9647 9649 9650 9651 9652 9654 9656 9657,
  9658 9659 9661 9663 9664 9665 9666 9668 9670 9671,
  9672 9673 9674 9676 9677 9679 9680 9682 9684 9685,
  9686 9687 9689 9691 9692 9693 9694 9696 9698 9699,
  9700 9701 9704 9705 9708 9709 9710 9711 9712 9713
 output patran binary displacements
c
 compute displacements for loading test step     1560
 output totals only reactions  9625 9627 9628,
  9630 9631 9633 9635 9636 9637 9638 9640 9642 9643,
  9644 9645 9647 9649 9650 9651 9652 9654 9656 9657,
  9658 9659 9661 9663 9664 9665 9666 9668 9670 9671,
  9672 9673 9674 9676 9677 9679 9680 9682 9684 9685,
  9686 9687 9689 9691 9692 9693 9694 9696 9698 9699,
  9700 9701 9704 9705 9708 9709 9710 9711 9712 9713
 output patran binary displacements
c
 compute displacements for loading test step     1570
 output totals only reactions  9625 9627 9628,
  9630 9631 9633 9635 9636 9637 9638 9640 9642 9643,
  9644 9645 9647 9649 9650 9651 9652 9654 9656 9657,
  9658 9659 9661 9663 9664 9665 9666 9668 9670 9671,
  9672 9673 9674 9676 9677 9679 9680 9682 9684 9685,
  9686 9687 9689 9691 9692 9693 9694 9696 9698 9699,
  9700 9701 9704 9705 9708 9709 9710 9711 9712 9713
 output patran binary displacements
c
 compute displacements for loading test step     1580
 output totals only reactions  9625 9627 9628,
  9630 9631 9633 9635 9636 9637 9638 9640 9642 9643,
  9644 9645 9647 9649 9650 9651 9652 9654 9656 9657,
  9658 9659 9661 9663 9664 9665 9666 9668 9670 9671,
  9672 9673 9674 9676 9677 9679 9680 9682 9684 9685,
  9686 9687 9689 9691 9692 9693 9694 9696 9698 9699,
  9700 9701 9704 9705 9708 9709 9710 9711 9712 9713
 output patran binary displacements
c
 compute displacements for loading test step     1590
 output totals only reactions  9625 9627 9628,
  9630 9631 9633 9635 9636 9637 9638 9640 9642 9643,
  9644 9645 9647 9649 9650 9651 9652 9654 9656 9657,
  9658 9659 9661 9663 9664 9665 9666 9668 9670 9671,
  9672 9673 9674 9676 9677 9679 9680 9682 9684 9685,
  9686 9687 9689 9691 9692 9693 9694 9696 9698 9699,
  9700 9701 9704 9705 9708 9709 9710 9711 9712 9713
 output patran binary displacements
c
 compute displacements for loading test step     1600
 output totals only reactions  9625 9627 9628,
  9630 9631 9633 9635 9636 9637 9638 9640 9642 9643,
  9644 9645 9647 9649 9650 9651 9652 9654 9656 9657,
  9658 9659 9661 9663 9664 9665 9666 9668 9670 9671,
  9672 9673 9674 9676 9677 9679 9680 9682 9684 9685,
  9686 9687 9689 9691 9692 9693 9694 9696 9698 9699,
  9700 9701 9704 9705 9708 9709 9710 9711 9712 9713
 output patran binary displacements
 save to file "B.rest"
c
 compute displacements for loading test step     1610
 output totals only reactions  9625 9627 9628,
  9630 9631 9633 9635 9636 9637 9638 9640 9642 9643,
  9644 9645 9647 9649 9650 9651 9652 9654 9656 9657,
  9658 9659 9661 9663 9664 9665 9666 9668 9670 9671,
  9672 9673 9674 9676 9677 9679 9680 9682 9684 9685,
  9686 9687 9689 9691 9692 9693 9694 9696 9698 9699,
  9700 9701 9704 9705 9708 9709 9710 9711 9712 9713
 output patran binary displacements
c
 compute displacements for loading test step     1620
 output totals only reactions  9625 9627 9628,
  9630 9631 9633 9635 9636 9637 9638 9640 9642 9643,
  9644 9645 9647 9649 9650 9651 9652 9654 9656 9657,
  9658 9659 9661 9663 9664 9665 9666 9668 9670 9671,
  9672 9673 9674 9676 9677 9679 9680 9682 9684 9685,
  9686 9687 9689 9691 9692 9693 9694 9696 9698 9699,
  9700 9701 9704 9705 9708 9709 9710 9711 9712 9713
 output patran binary displacements
c
 compute displacements for loading test step     1630
 output totals only reactions  9625 9627 9628,
  9630 9631 9633 9635 9636 9637 9638 9640 9642 9643,
  9644 9645 9647 9649 9650 9651 9652 9654 9656 9657,
  9658 9659 9661 9663 9664 9665 9666 9668 9670 9671,
  9672 9673 9674 9676 9677 9679 9680 9682 9684 9685,
  9686 9687 9689 9691 9692 9693 9694 9696 9698 9699,
  9700 9701 9704 9705 9708 9709 9710 9711 9712 9713
 output patran binary displacements
c
 compute displacements for loading test step     1640
 output totals only reactions  9625 9627 9628,
  9630 9631 9633 9635 9636 9637 9638 9640 9642 9643,
  9644 9645 9647 9649 9650 9651 9652 9654 9656 9657,
  9658 9659 9661 9663 9664 9665 9666 9668 9670 9671,
  9672 9673 9674 9676 9677 9679 9680 9682 9684 9685,
  9686 9687 9689 9691 9692 9693 9694 9696 9698 9699,
  9700 9701 9704 9705 9708 9709 9710 9711 9712 9713
 output patran binary displacements
c
 compute displacements for loading test step     1650
 output totals only reactions  9625 9627 9628,
  9630 9631 9633 9635 9636 9637 9638 9640 9642 9643,
  9644 9645 9647 9649 9650 9651 9652 9654 9656 9657,
  9658 9659 9661 9663 9664 9665 9666 9668 9670 9671,
  9672 9673 9674 9676 9677 9679 9680 9682 9684 9685,
  9686 9687 9689 9691 9692 9693 9694 9696 9698 9699,
  9700 9701 9704 9705 9708 9709 9710 9711 9712 9713
 output patran binary displacements
c
 compute displacements for loading test step     1660
 output totals only reactions  9625 9627 9628,
  9630 9631 9633 9635 9636 9637 9638 9640 9642 9643,
  9644 9645 9647 9649 9650 9651 9652 9654 9656 9657,
  9658 9659 9661 9663 9664 9665 9666 9668 9670 9671,
  9672 9673 9674 9676 9677 9679 9680 9682 9684 9685,
  9686 9687 9689 9691 9692 9693 9694 9696 9698 9699,
  9700 9701 9704 9705 9708 9709 9710 9711 9712 9713
 output patran binary displacements
c
 compute displacements for loading test step     1670
 output totals only reactions  9625 9627 9628,
  9630 9631 9633 9635 9636 9637 9638 9640 9642 9643,
  9644 9645 9647 9649 9650 9651 9652 9654 9656 9657,
  9658 9659 9661 9663 9664 9665 9666 9668 9670 9671,
  9672 9673 9674 9676 9677 9679 9680 9682 9684 9685,
  9686 9687 9689 9691 9692 9693 9694 9696 9698 9699,
  9700 9701 9704 9705 9708 9709 9710 9711 9712 9713
 output patran binary displacements
c
 compute displacements for loading test step     1680
 output totals only reactions  9625 9627 9628,
  9630 9631 9633 9635 9636 9637 9638 9640 9642 9643,
  9644 9645 9647 9649 9650 9651 9652 9654 9656 9657,
  9658 9659 9661 9663 9664 9665 9666 9668 9670 9671,
  9672 9673 9674 9676 9677 9679 9680 9682 9684 9685,
  9686 9687 9689 9691 9692 9693 9694 9696 9698 9699,
  9700 9701 9704 9705 9708 9709 9710 9711 9712 9713
 output patran binary displacements
c
 compute displacements for loading test step     1690
 output totals only reactions  9625 9627 9628,
  9630 9631 9633 9635 9636 9637 9638 9640 9642 9643,
  9644 9645 9647 9649 9650 9651 9652 9654 9656 9657,
  9658 9659 9661 9663 9664 9665 9666 9668 9670 9671,
  9672 9673 9674 9676 9677 9679 9680 9682 9684 9685,
  9686 9687 9689 9691 9692 9693 9694 9696 9698 9699,
  9700 9701 9704 9705 9708 9709 9710 9711 9712 9713
 output patran binary displacements
c
 compute displacements for loading test step     1700
 output totals only reactions  9625 9627 9628,
  9630 9631 9633 9635 9636 9637 9638 9640 9642 9643,
  9644 9645 9647 9649 9650 9651 9652 9654 9656 9657,
  9658 9659 9661 9663 9664 9665 9666 9668 9670 9671,
  9672 9673 9674 9676 9677 9679 9680 9682 9684 9685,
  9686 9687 9689 9691 9692 9693 9694 9696 9698 9699,
  9700 9701 9704 9705 9708 9709 9710 9711 9712 9713
 output patran binary displacements
c
 compute displacements for loading test step     1710
 output totals only reactions  9625 9627 9628,
  9630 9631 9633 9635 9636 9637 9638 9640 9642 9643,
  9644 9645 9647 9649 9650 9651 9652 9654 9656 9657,
  9658 9659 9661 9663 9664 9665 9666 9668 9670 9671,
  9672 9673 9674 9676 9677 9679 9680 9682 9684 9685,
  9686 9687 9689 9691 9692 9693 9694 9696 9698 9699,
  9700 9701 9704 9705 9708 9709 9710 9711 9712 9713
 output patran binary displacements
c
 compute displacements for loading test step     1720
 output totals only reactions  9625 9627 9628,
  9630 9631 9633 9635 9636 9637 9638 9640 9642 9643,
  9644 9645 9647 9649 9650 9651 9652 9654 9656 9657,
  9658 9659 9661 9663 9664 9665 9666 9668 9670 9671,
  9672 9673 9674 9676 9677 9679 9680 9682 9684 9685,
  9686 9687 9689 9691 9692 9693 9694 9696 9698 9699,
  9700 9701 9704 9705 9708 9709 9710 9711 9712 9713
 output patran binary displacements
c
 compute displacements for loading test step     1730
 output totals only reactions  9625 9627 9628,
  9630 9631 9633 9635 9636 9637 9638 9640 9642 9643,
  9644 9645 9647 9649 9650 9651 9652 9654 9656 9657,
  9658 9659 9661 9663 9664 9665 9666 9668 9670 9671,
  9672 9673 9674 9676 9677 9679 9680 9682 9684 9685,
  9686 9687 9689 9691 9692 9693 9694 9696 9698 9699,
  9700 9701 9704 9705 9708 9709 9710 9711 9712 9713
 output patran binary displacements
c
 compute displacements for loading test step     1740
 output totals only reactions  9625 9627 9628,
  9630 9631 9633 9635 9636 9637 9638 9640 9642 9643,
  9644 9645 9647 9649 9650 9651 9652 9654 9656 9657,
  9658 9659 9661 9663 9664 9665 9666 9668 9670 9671,
  9672 9673 9674 9676 9677 9679 9680 9682 9684 9685,
  9686 9687 9689 9691 9692 9693 9694 9696 9698 9699,
  9700 9701 9704 9705 9708 9709 9710 9711 9712 9713
 output patran binary displacements
c
 compute displacements for loading test step     1750
 output totals only reactions  9625 9627 9628,
  9630 9631 9633 9635 9636 9637 9638 9640 9642 9643,
  9644 9645 9647 9649 9650 9651 9652 9654 9656 9657,
  9658 9659 9661 9663 9664 9665 9666 9668 9670 9671,
  9672 9673 9674 9676 9677 9679 9680 9682 9684 9685,
  9686 9687 9689 9691 9692 9693 9694 9696 9698 9699,
  9700 9701 9704 9705 9708 9709 9710 9711 9712 9713
 output patran binary displacements
c
 compute displacements for loading test step     1760
 output totals only reactions  9625 9627 9628,
  9630 9631 9633 9635 9636 9637 9638 9640 9642 9643,
  9644 9645 9647 9649 9650 9651 9652 9654 9656 9657,
  9658 9659 9661 9663 9664 9665 9666 9668 9670 9671,
  9672 9673 9674 9676 9677 9679 9680 9682 9684 9685,
  9686 9687 9689 9691 9692 9693 9694 9696 9698 9699,
  9700 9701 9704 9705 9708 9709 9710 9711 9712 9713
 output patran binary displacements
c
 compute displacements for loading test step     1770
 output totals only reactions  9625 9627 9628,
  9630 9631 9633 9635 9636 9637 9638 9640 9642 9643,
  9644 9645 9647 9649 9650 9651 9652 9654 9656 9657,
  9658 9659 9661 9663 9664 9665 9666 9668 9670 9671,
  9672 9673 9674 9676 9677 9679 9680 9682 9684 9685,
  9686 9687 9689 9691 9692 9693 9694 9696 9698 9699,
  9700 9701 9704 9705 9708 9709 9710 9711 9712 9713
 output patran binary displacements
c
 compute displacements for loading test step     1780
 output totals only reactions  9625 9627 9628,
  9630 9631 9633 9635 9636 9637 9638 9640 9642 9643,
  9644 9645 9647 9649 9650 9651 9652 9654 9656 9657,
  9658 9659 9661 9663 9664 9665 9666 9668 9670 9671,
  9672 9673 9674 9676 9677 9679 9680 9682 9684 9685,
  9686 9687 9689 9691 9692 9693 9694 9696 9698 9699,
  9700 9701 9704 9705 9708 9709 9710 9711 9712 9713
 output patran binary displacements
c
 compute displacements for loading test step     1790
 output totals only reactions  9625 9627 9628,
  9630 9631 9633 9635 9636 9637 9638 9640 9642 9643,
  9644 9645 9647 9649 9650 9651 9652 9654 9656 9657,
  9658 9659 9661 9663 9664 9665 9666 9668 9670 9671,
  9672 9673 9674 9676 9677 9679 9680 9682 9684 9685,
  9686 9687 9689 9691 9692 9693 9694 9696 9698 9699,
  9700 9701 9704 9705 9708 9709 9710 9711 9712 9713
 output patran binary displacements
c
 compute displacements for loading test step     1800
 output totals only reactions  9625 9627 9628,
  9630 9631 9633 9635 9636 9637 9638 9640 9642 9643,
  9644 9645 9647 9649 9650 9651 9652 9654 9656 9657,
  9658 9659 9661 9663 9664 9665 9666 9668 9670 9671,
  9672 9673 9674 9676 9677 9679 9680 9682 9684 9685,
  9686 9687 9689 9691 9692 9693 9694 9696 9698 9699,
  9700 9701 9704 9705 9708 9709 9710 9711 9712 9713
 output patran binary displacements
 save to file "A.rest"
c
 compute displacements for loading test step     1810
 output totals only reactions  9625 9627 9628,
  9630 9631 9633 9635 9636 9637 9638 9640 9642 9643,
  9644 9645 9647 9649 9650 9651 9652 9654 9656 9657,
  9658 9659 9661 9663 9664 9665 9666 9668 9670 9671,
  9672 9673 9674 9676 9677 9679 9680 9682 9684 9685,
  9686 9687 9689 9691 9692 9693 9694 9696 9698 9699,
  9700 9701 9704 9705 9708 9709 9710 9711 9712 9713
 output patran binary displacements
c
 compute displacements for loading test step     1820
 output totals only reactions  9625 9627 9628,
  9630 9631 9633 9635 9636 9637 9638 9640 9642 9643,
  9644 9645 9647 9649 9650 9651 9652 9654 9656 9657,
  9658 9659 9661 9663 9664 9665 9666 9668 9670 9671,
  9672 9673 9674 9676 9677 9679 9680 9682 9684 9685,
  9686 9687 9689 9691 9692 9693 9694 9696 9698 9699,
  9700 9701 9704 9705 9708 9709 9710 9711 9712 9713
 output patran binary displacements
c
 compute displacements for loading test step     1830
 output totals only reactions  9625 9627 9628,
  9630 9631 9633 9635 9636 9637 9638 9640 9642 9643,
  9644 9645 9647 9649 9650 9651 9652 9654 9656 9657,
  9658 9659 9661 9663 9664 9665 9666 9668 9670 9671,
  9672 9673 9674 9676 9677 9679 9680 9682 9684 9685,
  9686 9687 9689 9691 9692 9693 9694 9696 9698 9699,
  9700 9701 9704 9705 9708 9709 9710 9711 9712 9713
 output patran binary displacements
c
 compute displacements for loading test step     1840
 output totals only reactions  9625 9627 9628,
  9630 9631 9633 9635 9636 9637 9638 9640 9642 9643,
  9644 9645 9647 9649 9650 9651 9652 9654 9656 9657,
  9658 9659 9661 9663 9664 9665 9666 9668 9670 9671,
  9672 9673 9674 9676 9677 9679 9680 9682 9684 9685,
  9686 9687 9689 9691 9692 9693 9694 9696 9698 9699,
  9700 9701 9704 9705 9708 9709 9710 9711 9712 9713
 output patran binary displacements
c
 compute displacements for loading test step     1850
 output totals only reactions  9625 9627 9628,
  9630 9631 9633 9635 9636 9637 9638 9640 9642 9643,
  9644 9645 9647 9649 9650 9651 9652 9654 9656 9657,
  9658 9659 9661 9663 9664 9665 9666 9668 9670 9671,
  9672 9673 9674 9676 9677 9679 9680 9682 9684 9685,
  9686 9687 9689 9691 9692 9693 9694 9696 9698 9699,
  9700 9701 9704 9705 9708 9709 9710 9711 9712 9713
 output patran binary displacements
c
 compute displacements for loading test step     1860
 output totals only reactions  9625 9627 9628,
  9630 9631 9633 9635 9636 9637 9638 9640 9642 9643,
  9644 9645 9647 9649 9650 9651 9652 9654 9656 9657,
  9658 9659 9661 9663 9664 9665 9666 9668 9670 9671,
  9672 9673 9674 9676 9677 9679 9680 9682 9684 9685,
  9686 9687 9689 9691 9692 9693 9694 9696 9698 9699,
  9700 9701 9704 9705 9708 9709 9710 9711 9712 9713
 output patran binary displacements
c
 compute displacements for loading test step     1870
 output totals only reactions  9625 9627 9628,
  9630 9631 9633 9635 9636 9637 9638 9640 9642 9643,
  9644 9645 9647 9649 9650 9651 9652 9654 9656 9657,
  9658 9659 9661 9663 9664 9665 9666 9668 9670 9671,
  9672 9673 9674 9676 9677 9679 9680 9682 9684 9685,
  9686 9687 9689 9691 9692 9693 9694 9696 9698 9699,
  9700 9701 9704 9705 9708 9709 9710 9711 9712 9713
 output patran binary displacements
c
 compute displacements for loading test step     1880
 output totals only reactions  9625 9627 9628,
  9630 9631 9633 9635 9636 9637 9638 9640 9642 9643,
  9644 9645 9647 9649 9650 9651 9652 9654 9656 9657,
  9658 9659 9661 9663 9664 9665 9666 9668 9670 9671,
  9672 9673 9674 9676 9677 9679 9680 9682 9684 9685,
  9686 9687 9689 9691 9692 9693 9694 9696 9698 9699,
  9700 9701 9704 9705 9708 9709 9710 9711 9712 9713
 output patran binary displacements
c
 compute displacements for loading test step     1890
 output totals only reactions  9625 9627 9628,
  9630 9631 9633 9635 9636 9637 9638 9640 9642 9643,
  9644 9645 9647 9649 9650 9651 9652 9654 9656 9657,
  9658 9659 9661 9663 9664 9665 9666 9668 9670 9671,
  9672 9673 9674 9676 9677 9679 9680 9682 9684 9685,
  9686 9687 9689 9691 9692 9693 9694 9696 9698 9699,
  9700 9701 9704 9705 9708 9709 9710 9711 9712 9713
 output patran binary displacements
c
 compute displacements for loading test step     1900
 output totals only reactions  9625 9627 9628,
  9630 9631 9633 9635 9636 9637 9638 9640 9642 9643,
  9644 9645 9647 9649 9650 9651 9652 9654 9656 9657,
  9658 9659 9661 9663 9664 9665 9666 9668 9670 9671,
  9672 9673 9674 9676 9677 9679 9680 9682 9684 9685,
  9686 9687 9689 9691 9692 9693 9694 9696 9698 9699,
  9700 9701 9704 9705 9708 9709 9710 9711 9712 9713
 output patran binary displacements
c
 compute displacements for loading test step     1910
 output totals only reactions  9625 9627 9628,
  9630 9631 9633 9635 9636 9637 9638 9640 9642 9643,
  9644 9645 9647 9649 9650 9651 9652 9654 9656 9657,
  9658 9659 9661 9663 9664 9665 9666 9668 9670 9671,
  9672 9673 9674 9676 9677 9679 9680 9682 9684 9685,
  9686 9687 9689 9691 9692 9693 9694 9696 9698 9699,
  9700 9701 9704 9705 9708 9709 9710 9711 9712 9713
 output patran binary displacements
c
 compute displacements for loading test step     1920
 output totals only reactions  9625 9627 9628,
  9630 9631 9633 9635 9636 9637 9638 9640 9642 9643,
  9644 9645 9647 9649 9650 9651 9652 9654 9656 9657,
  9658 9659 9661 9663 9664 9665 9666 9668 9670 9671,
  9672 9673 9674 9676 9677 9679 9680 9682 9684 9685,
  9686 9687 9689 9691 9692 9693 9694 9696 9698 9699,
  9700 9701 9704 9705 9708 9709 9710 9711 9712 9713
 output patran binary displacements
c
 compute displacements for loading test step     1930
 output totals only reactions  9625 9627 9628,
  9630 9631 9633 9635 9636 9637 9638 9640 9642 9643,
  9644 9645 9647 9649 9650 9651 9652 9654 9656 9657,
  9658 9659 9661 9663 9664 9665 9666 9668 9670 9671,
  9672 9673 9674 9676 9677 9679 9680 9682 9684 9685,
  9686 9687 9689 9691 9692 9693 9694 9696 9698 9699,
  9700 9701 9704 9705 9708 9709 9710 9711 9712 9713
 output patran binary displacements
c
 compute displacements for loading test step     1940
 output totals only reactions  9625 9627 9628,
  9630 9631 9633 9635 9636 9637 9638 9640 9642 9643,
  9644 9645 9647 9649 9650 9651 9652 9654 9656 9657,
  9658 9659 9661 9663 9664 9665 9666 9668 9670 9671,
  9672 9673 9674 9676 9677 9679 9680 9682 9684 9685,
  9686 9687 9689 9691 9692 9693 9694 9696 9698 9699,
  9700 9701 9704 9705 9708 9709 9710 9711 9712 9713
 output patran binary displacements
c
 compute displacements for loading test step     1950
 output totals only reactions  9625 9627 9628,
  9630 9631 9633 9635 9636 9637 9638 9640 9642 9643,
  9644 9645 9647 9649 9650 9651 9652 9654 9656 9657,
  9658 9659 9661 9663 9664 9665 9666 9668 9670 9671,
  9672 9673 9674 9676 9677 9679 9680 9682 9684 9685,
  9686 9687 9689 9691 9692 9693 9694 9696 9698 9699,
  9700 9701 9704 9705 9708 9709 9710 9711 9712 9713
 output patran binary displacements
c
 compute displacements for loading test step     1960
 output totals only reactions  9625 9627 9628,
  9630 9631 9633 9635 9636 9637 9638 9640 9642 9643,
  9644 9645 9647 9649 9650 9651 9652 9654 9656 9657,
  9658 9659 9661 9663 9664 9665 9666 9668 9670 9671,
  9672 9673 9674 9676 9677 9679 9680 9682 9684 9685,
  9686 9687 9689 9691 9692 9693 9694 9696 9698 9699,
  9700 9701 9704 9705 9708 9709 9710 9711 9712 9713
 output patran binary displacements
c
 compute displacements for loading test step     1970
 output totals only reactions  9625 9627 9628,
  9630 9631 9633 9635 9636 9637 9638 9640 9642 9643,
  9644 9645 9647 9649 9650 9651 9652 9654 9656 9657,
  9658 9659 9661 9663 9664 9665 9666 9668 9670 9671,
  9672 9673 9674 9676 9677 9679 9680 9682 9684 9685,
  9686 9687 9689 9691 9692 9693 9694 9696 9698 9699,
  9700 9701 9704 9705 9708 9709 9710 9711 9712 9713
 output patran binary displacements
c
 compute displacements for loading test step     1980
 output totals only reactions  9625 9627 9628,
  9630 9631 9633 9635 9636 9637 9638 9640 9642 9643,
  9644 9645 9647 9649 9650 9651 9652 9654 9656 9657,
  9658 9659 9661 9663 9664 9665 9666 9668 9670 9671,
  9672 9673 9674 9676 9677 9679 9680 9682 9684 9685,
  9686 9687 9689 9691 9692 9693 9694 9696 9698 9699,
  9700 9701 9704 9705 9708 9709 9710 9711 9712 9713
 output patran binary displacements
c
 compute displacements for loading test step     1990
 output totals only reactions  9625 9627 9628,
  9630 9631 9633 9635 9636 9637 9638 9640 9642 9643,
  9644 9645 9647 9649 9650 9651 9652 9654 9656 9657,
  9658 9659 9661 9663 9664 9665 9666 9668 9670 9671,
  9672 9673 9674 9676 9677 9679 9680 9682 9684 9685,
  9686 9687 9689 9691 9692 9693 9694 9696 9698 9699,
  9700 9701 9704 9705 9708 9709 9710 9711 9712 9713
 output patran binary displacements
c
 compute displacements for loading test step     2000
 output totals only reactions  9625 9627 9628,
  9630 9631 9633 9635 9636 9637 9638 9640 9642 9643,
  9644 9645 9647 9649 9650 9651 9652 9654 9656 9657,
  9658 9659 9661 9663 9664 9665 9666 9668 9670 9671,
  9672 9673 9674 9676 9677 9679 9680 9682 9684 9685,
  9686 9687 9689 9691 9692 9693 9694 9696 9698 9699,
  9700 9701 9704 9705 9708 9709 9710 9711 9712 9713
 output patran binary displacements
 save to file "B.rest"
c
 stop
