blocking   $    scalar
       1     128       1
       2     128     129
       3     128     257
       4     128     385
       5     128     513
       6     128     641
       7     128     769
       8     128     897
       9     128    1025
      10     128    1153
      11     128    1281
      12     128    1409
      13     128    1537
      14     128    1665
      15     128    1793
      16     128    1921
      17     128    2049
      18     128    2177
      19     128    2305
      20     128    2433
      21     128    2561
      22     128    2689
      23     128    2817
      24     128    2945
      25     128    3073
      26     128    3201
      27     128    3329
      28     128    3457
      29     128    3585
      30     128    3713
      31     128    3841
      32     128    3969
      33     128    4097
      34     128    4225
      35     128    4353
      36     128    4481
      37     128    4609
      38     128    4737
      39     128    4865
      40     128    4993
      41     128    5121
      42     128    5249
      43     128    5377
      44     128    5505
      45     128    5633
      46     128    5761
      47     128    5889
      48     128    6017
      49     128    6145
      50     128    6273
      51     128    6401
      52     128    6529
      53     128    6657
      54     128    6785
      55     128    6913
      56     128    7041
      57     128    7169
      58     128    7297
      59     128    7425
      60     128    7553
      61     128    7681
      62     128    7809
      63     128    7937
      64     128    8065
      65     128    8193
      66      16    8321
      67     128    8337
      68     128    8465
      69     128    8593
      70     128    8721
      71      88    8849
      72     128    8937
      73     128    9065
      74     128    9193
      75     128    9321
      76     128    9449
      77     128    9577
      78     128    9705
      79     128    9833
      80     128    9961
      81     128   10089
      82     128   10217
      83     128   10345
      84     128   10473
      85     128   10601
      86     128   10729
      87     128   10857
      88     128   10985
      89     128   11113
      90     128   11241
      91     128   11369
      92     128   11497
      93      45   11625
      94     128   11670
      95     128   11798
      96     128   11926
      97     128   12054
      98     128   12182
      99     128   12310
     100      76   12438
c
