c
*echo off
c
 output displacements for nodes,
   5894   5900   5906   5912   5914   5916   6454   6458   6471   6472,
   6473   6474   6453   6457   6461   6468   6469   6470   6452   6456,
   6460   6463   6465   6467   6376   6385   6394   6403   6408   6411,
   6375   6384   6393   6401   6406   6409   5828   5835   5842   5846,
   5847   5848   5827   5834   5841   5843   5844   5845   5251   5255,
   5256   5257   5258   5259   4663   4664   4665   4666   4667   4668,
   4657   4658   4659   4660   4661   4662   5233   5234   5235   5236,
   5237   5238   5239   5240   5241   5242   5243   5244   5797   5798,
   5799   5800   5801   5802   6325   6326   6327   6328   6329   6330,
   6848   6850   6852   6854   6857   6858   7341   7344   7347   7352,
   7355   7356   7768   7772   7779   7784   7787   7788   8153   8162,
   8169   8174   8177   8178   8471   8480   8487   8492   8495   8496,
   8771   8780   8787   8792   8795   8796   9029   9038   9045   9050,
   9053   9054   9269   9278   9285   9290   9293   9294   9497   9506,
   9513   9518   9521   9522   9725   9734   9741   9746   9749   9750,
   9929   9938   9945   9950   9953   9954  10109  10118  10125  10130,
  10133  10134  10265  10274  10281  10286  10289  10290  10397  10411,
  10418  10423  10426  10427  10514  10512  10557  10562  10565  10566,
  10518  10623  10622  10649  10652  10653  10529  10626  10686  10685,
  10699  10700  10542  10634  10688  10715  10714  10719  10548  10642,
  10693  10717  10722  10721  10550  10644  10696  10718  10716  10720,
  10549  10643  10695  10694  10703  10704  10544  10638  10637  10658,
  10661  10662  10535  10533  10573  10578  10581  10582  10402  10436,
  10443  10448  10451  10452  10301  10310  10317  10322  10325  10326,
  10151  10160  10167  10172  10175  10176   9977   9986   9993   9998,
  10001  10002   9779   9788   9795   9800   9803   9804   9557   9566,
   9573   9578   9581   9582   9323   9332   9339   9344   9347   9348,
   9077   9086   9093   9098   9101   9102   8813   8822   8829   8834,
   8837   8838   8507   8516   8523   8528   8531   8532   8183   8192,
   8199   8204   8207   8208   7792   7796   7803   7808   7811   7812,
   7359   7362   7365   7370   7373   7374   6860   6862   6864   6866,
   6869   6870   6331   6332   6333   6334   6335   6336   6013   6014,
   6015   6016   6017   6018   5791   5792   5793   5794   5795   5796,
   5407   5408   5409   5410   5411   5412   5221   5222   5223   5224,
   5225   5226   5185   5186   5187   5188   5189   5190   4627   4628,
   4629   4630   4631   4632   4621   4622   4623   4624   4625   4626,
   4075   4076   4077   4078   4079   4080   4063   4064   4065   4066,
   4067   4068   3511   3512   3513   3514   3515   3516   3505   3506,
   3507   3508   3509   3510   3115   3116   3117   3118   3119   3120,
   3109   3110   3111   3112   3113   3114   2923   2924   2925   2926,
   2927   2928   2917   2918   2919   2920   2921   2922   2911   2912,
   2913   2914   2915   2916   2905   2906   2907   2908   2909   2910,
   2455   2456   2457   2458   2459   2460   2449   2450   2451   2452,
   2453   2454   2443   2444   2445   2446   2447   2448   2437   2438,
   2439   2440   2441   2442   2095   2096   2097   2098   2099   2100,
   2089   2090   2091   2092   2093   2094   2083   2084   2085   2086,
   2087   2088   2077   2078   2079   2080   2081   2082   1735   1736,
   1737   1738   1739   1740   1729   1730   1731   1732   1733   1734,
   1723   1724   1725   1726   1727   1728   1717   1718   1719   1720,
   1721   1722   1567   1568   1569   1570   1571   1572   1561   1562,
   1563   1564   1565   1566   1555   1556   1557   1558   1559   1560,
   1549   1550   1551   1552   1553   1554   1387   1388   1389   1390,
   1391   1392   1381   1382   1383   1384   1385   1386   1375   1376,
   1377   1378   1379   1380   1369   1370   1371   1372   1373   1374,
   1357   1358   1359   1360   1361   1362   1351   1352   1353   1354,
   1355   1356   1345   1346   1347   1348   1349   1350   1339   1340,
   1341   1342   1343   1344   1159   1160   1161   1162   1163   1164,
   1153   1154   1155   1156   1157   1158   1147   1148   1149   1150,
   1151   1152   1141   1142   1143   1144   1145   1146   1135   1136,
   1137   1138   1139   1140   1165   1166   1167   1168   1169   1170,
   1171   1172   1173   1174   1175   1176   1399   1401   1403   1404,
   1405   1406   1400   1402   1407   1408   1409   1410   1676   1680,
   1683   1688   1689   1690   1987   1994   1995   1996   1997   1998,
   2353   2360   2367   2368   2369   2370   2689   2690   2691   2692,
   2693   2694   3175   3177   3179   3181   3182   3183   3176   3178,
   3180   3184   3185   3186   3717   3722   3727   3732   3736   3738,
   3718   3723   3728   3739   3741   3742   4251   4275   4300   4301,
   4302   4303   4246   4270   4277   4283   4286   4287   4245   4269,
   4276   4282   4284   4285   3692   3697   3704   3707   3710   3711,
   3158   3165   3167   3168   3169   3170   2683   2684   2685   2686,
   2687   2688   2677   2678   2679   2680   2681   2682   2671   2672,
   2673   2674   2675   2676   2665   2666   2667   2668   2669   2670,
   2635   2636   2637   2638   2639   2640   2515   2516   2517   2518,
   2519   2520   2113   2114   2115   2116   2117   2118   1747   1748,
   1749   1750   1751   1752   1429   1430   1431   1432   1433   1434,
   1183   1184   1185   1186   1187   1188   1015   1016   1017   1018,
   1019   1020    950    972    987    998   1007   1008    832    850,
    864    878    881    882    711    728    747    752    755    756,
    590    614    621    626    629    630    479    488    495    500,
    503    504    353    362    369    374    377    378    227    236,
    243    248    251    252    101    110    117    122    125    126
c
*echo on
