1,-76.29,2.00,111.16
1,-138.44,82.78,-38.56
1,45.24,65.30,-98.28
1,-30.74,81.90,91.89
1,-27.63,66.67,128.97
1,160.80,76.91,96.50
1,76.86,68.89,-124.63
1,-19.03,87.37,111.43
1,1.26,48.25,-71.19
1,-108.01,31.49,-63.62
1,-170.43,70.36,-158.10
1,-140.22,42.76,-99.90
1,76.66,73.56,-145.66
1,42.11,20.24,-142.37
1,-14.68,32.84,72.23
1,167.23,34.31,-69.75
1,44.63,30.48,151.90
1,-47.66,66.73,-116.93
1,-173.22,42.69,175.95
1,23.91,54.16,146.02
1,41.26,35.36,-123.73
1,-43.87,52.24,179.83
1,8.43,71.55,24.39
1,-130.82,52.66,20.93
1,77.90,31.13,-41.33
1,145.29,87.63,92.12
1,0.32,89.20,122.13
1,157.05,52.48,98.50
1,-88.65,36.77,111.87
1,-40.06,12.62,133.31
1,74.00,89.86,29.29
1,16.35,57.35,-24.41
1,66.43,23.13,-112.69
1,164.28,55.02,78.72
1,140.11,44.11,177.81
1,47.45,52.33,57.24
1,-89.15,74.30,-138.71
1,41.02,83.88,179.13
1,40.24,43.09,127.67
1,-57.92,55.94,167.67
1,173.03,41.05,-142.96
1,58.18,53.39,142.33
1,-23.62,84.35,145.60
1,-67.85,62.76,-118.96
1,-63.98,88.50,155.29
1,113.89,70.92,145.01
1,-55.65,38.45,-123.92
1,-130.10,65.96,-130.72
1,-137.93,42.76,-98.32
1,-163.41,83.52,69.68
1,-58.53,60.22,-130.67
1,-4.02,76.15,33.04
1,61.18,14.48,-162.96
1,54.46,79.55,36.11
1,-57.47,77.13,114.56
1,20.17,88.58,-98.38
1,126.99,60.97,84.64
1,130.11,75.58,-84.89
1,-39.33,33.19,25.15
1,-3.25,51.10,151.74
1,-92.34,76.39,34.25
1,154.00,82.44,-135.59
1,152.67,63.04,-120.92
1,168.72,31.94,10.43
1,51.35,47.58,-13.22
1,-13.04,68.75,125.15
1,95.62,74.38,94.07
1,156.56,21.97,104.69
1,157.03,38.10,75.36
1,-41.61,63.84,108.37
1,-100.63,87.28,-103.18
1,-131.86,49.39,98.31
1,48.17,72.54,-157.51
1,107.37,77.49,-13.69
1,160.24,11.66,-113.44
1,-153.81,82.86,-117.95
1,-73.04,70.74,-82.90
1,-96.92,21.75,91.07
1,-104.59,61.61,-9.68
1,-15.13,74.96,-56.34
1,161.13,31.92,-68.39
1,-36.25,62.82,-121.19
1,-144.00,82.94,41.99
1,-144.18,62.81,-87.06
1,-102.99,80.79,21.49
1,-131.47,22.68,-169.92
1,-82.17,87.72,-56.63
1,-54.55,77.84,35.78
1,155.63,52.49,-118.13
1,-112.95,64.17,164.74
1,106.95,48.67,-8.98
1,142.22,87.23,-161.51
1,44.09,29.81,-94.95
1,46.41,33.95,-63.42
1,-64.35,70.30,144.82
1,174.58,64.51,-148.13
1,-120.69,40.87,-8.32
1,172.71,74.90,-18.39
1,-12.35,68.49,-21.70
1,-41.75,57.10,108.07
