#
#
#       col 1  - simulation time in hours
#       col 2  - stresses from builtin creep material model
#       col 3  - stresses from CP model, Voce hardening with 
#                25 random crystal orientations at each integration
#                point and Taylor homogenization
#                Voce hardening parameters set to suppress growth of tau_w
#
80
      0                    0                0
 0.500000E+00           59.999692        60.000003
 0.100000E+01          119.989746       119.978480
 0.150000E+01          179.914345       179.816016
 0.200000E+01          239.598499       239.143817
 0.250000E+01          298.648204       297.176724
 0.300000E+01          356.349721       352.652832
 0.350000E+01          411.623027       404.034056
 0.400000E+01          463.102895       449.960346
 0.450000E+01          509.384945       489.692541
 0.500000E+01          549.368867       523.259017
 0.510000E+01          545.504393       518.299630
 0.520000E+01          541.770459       513.632237
 0.530000E+01          538.159319       509.226568
 0.540000E+01          534.663939       505.056673
 0.550000E+01          531.277848       501.100207
 0.560000E+01          527.995086       497.337797
 0.570000E+01          524.810147       493.752541
 0.580000E+01          521.717938       490.329607
 0.590000E+01          518.713739       487.055910
 0.600000E+01          515.793167       483.919853
 0.610000E+01          512.952147       480.911107
 0.620000E+01          510.186884       478.020440
 0.630000E+01          507.493837       475.239563
 0.640000E+01          504.869700       472.561011
 0.650000E+01          502.311379       469.978038
 0.660000E+01          499.815976       467.484524
 0.670000E+01          497.380774       465.074907
 0.680000E+01          495.003221       462.744115
 0.690000E+01          492.680919       460.487509
 0.700000E+01          490.411610       458.300840
 0.750000E+01          480.198374       448.781330
 0.800000E+01          470.933142       440.376056
 0.850000E+01          462.470960       432.869179
 0.900000E+01          454.696536       426.100208
 0.950000E+01          447.516826       419.946881
 0.100000E+02          440.855776       414.314110
 0.105000E+02          434.650503       409.126620
 0.110000E+02          428.848480       404.323883
 0.115000E+02          423.405433       399.856574
 0.120000E+02          418.283724       395.684003
 0.130000E+02          409.114848       388.298748
 0.140000E+02          400.836800       381.689396
 0.150000E+02          393.307554       375.718858
 0.160000E+02          386.415296       370.282374
 0.170000E+02          380.070592       365.298261
 0.180000E+02          374.200914       360.701713
 0.190000E+02          368.746717       356.440523
 0.200000E+02          363.658576       352.472074
 0.210000E+02          358.895062       348.761162
 0.220000E+02          354.421143       345.278396
 0.240000E+02          346.436787       339.064568
 0.260000E+02          339.247239       333.465415
 0.280000E+02          332.722941       328.377330
 0.300000E+02          326.762466       323.720155
 0.320000E+02          321.285087       319.430719
 0.340000E+02          316.225614       315.458431
 0.360000E+02          311.530734       311.762203
 0.380000E+02          307.156345       308.308246
 0.400000E+02          303.065592       305.068465
 0.420000E+02          299.227400       302.019268
 0.440000E+02          295.615341       299.140665
 0.460000E+02          292.206777       296.415585
 0.480000E+02          288.982181       293.829339
 0.500000E+02          285.924602       291.369202
 0.520000E+02          283.019243       289.024089
 0.540000E+02          280.253115       286.784280
 0.560000E+02          277.614763       284.641214
 0.580000E+02          275.094035       282.587314
 0.600000E+02          272.681901       280.615840
 0.620000E+02          270.370289       278.720774
 0.640000E+02          268.151965       276.896723
 0.660000E+02          266.020419       275.138834
 0.680000E+02          263.969771       273.442725
 0.700000E+02          261.994701       271.804430
 0.720000E+02          260.090375       270.220344
 0.740000E+02          258.252391       268.687186
 0.760000E+02          256.476730       267.201955
 0.780000E+02          254.759717       265.761908
 0.800000E+02          253.097976       264.364523
 