c
c    get J at deepest point on crack front (symmetry plane)
c    use 3 domains for checking path independence. User defined 
c    domains are needed since (1) the crack grows and domains remote from 
c    front are needed, (2) the mesh is not focused - the automatic
c    builder will not work
c
domain dnr_001
 symmetric
 normal plane nx 0  ny -1.0  nz 0.0
 front nodes      1    186 linear verify
 function type a
 ignore crack face loading
 q-values        1      2      3      4      5      6      7      8,
                 9     10     11     12     13     14     15     16,
                17     18     19     20     21     22     23     24,
                25     26     27     28     29     30     31     32,
                33     34     35     36     37     38     39     40,
                41     42     43     44     45     46     47     48,
                49     50     51     52     53     54     55     56,
                57     58     59     60     61     62     63     64,
                65     66     67     68     69     70     71     72,
                73     74     75     76     77     78     79     80,
                81     82     83     84     85     86     87     88,
                89     90     91     92     93     94     95     96,
                97     98     99    100    101    102    103    104,
               105    106    107    108    109    110    111    112,
               113    114    115    116    117    118    119    120,
               121    122    123    124    125    126    127    128,
               129    130    131    132    133    134    135    136,
               137    138    139    140    141    142    143    144,
               145    146    147    148    149    150    151    152,
               153    154    155    156    157    158    159    160,
               161    162    163    164    165    166    167    168,
               169    170    171    172    173    174    175    176,
               177    178    179    180    181    182    183    184,
               185   5366   5367   5368   5369   5370   5371   5372,
              5373   5374   5375   5376   5377   5378   5379   5380,
              5381   5382   5383   5384   5385   5386   5387   5388,
              5389   5390   5391   5392   5393   5394   5395   5396,
              5397   5398   5399   5400   5401   5402   5403   5404,
              5405   5406   5407   5408   5409   5410   5411   5412,
              5413   5414   5415   5416   5417   5418   5419   5420,
              5421   5422   5423   5424   5425   5426   5427   5428,
              5429   5430   5431   5432   5433   5434   5435   5436,
              5437   5438   5439   5440   5441   5442   5443   5444,
              5445   5446   5447   5448   5449   5450   5451   5452,
              5453   5454   5455   5456   5457   5458   5459   5460,
              5461   5462   5463   5464   5465   5466   5467   5468,
              5469   5470   5471   5472   5473   5474   5475   5476,
              5477   5478   5479   5480   5481   5482   5483   5484,
              5485   5486   5487   5488   5489   5490   5491   5492,
              5493   5494   5495   5496   5497   5498   5499   5500,
              5501   5502   5503   5504   5505   5506   5507   5508,
              5509   5510   5511   5512   5513   5514   5515   5516,
              5517   5518 1.000
 elements       1   129     2   130     3   131     4   132     5   133,
                6   134     7   135     8   136     9   137    10   138,
               11   139    12   140    13   141    14   142    15   143,
               16   144    17   145    18   146    19   147    20   148,
             1121  1249  1122  1250  1123  1251  1124  1252  1125  1253,
             1126  1254  1127  1255  1128  1256  1129  1257  1130  1258,
             1131  1259  1132  1260  1133  1261  1134  1262  1135  1263,
             1136  1264  1137  1265  1138  1266  1139  1267  1140  1268,
             1141  1269  1142  1377  1378  1505  1143  1379  1506  1270,
             1380  1507  1144  1381  1508  1271  1382  1509  1145  1383,
             1510  1272  1384  1511  1146  1385  1512  1273  1386  1513,
             1147  1387  1514  1274  1388  1515  1148  1389  1516  1275,
             1390  1517  1149  1391  1518  1276  1392  1519  1150  1393,
             1520  1277  1394  1521  1151  1395  1522  1278  1396  1523,
             1152  1397  1524  1279  1398  1525  1153  1399  3784  3899,
             3785  3900  3786  3901  3787  3902  3788  3903  3789  3904,
             3790  3905  3791  3906  3792  3907  3793  3908  3794  3909,
             3795  3910  3796  3911  3797  3912  4017  4138  4018  4139,
             4019  4140  4020  4141  4021  4142  4022  4143  4023  4144,
             4024  4145  4025  4146  4026  4147  4027  4148  4028  4149,
             4029  4150  4030  4151  3798  3913  3799  3914  3800  3915,
             3801  3916  3802  3917  3803  3918  3804  3919  3805  3920,
             3806  3921  3807  3922  3808  3923  4243  3924  4244  3925,
             4245  3926  4031  4152  4032  4153  4033  4154  4034  4155,
             4035  4156  4036  4157  4037  4158  4038  4159  4039  4160,
             4040  4161  4041  4162  4042  4163  4043  4164  4044  4165,
             3927  4246  3928  4247  3929  4248  3930  4249  3931  4250,
             3932  4251  3933  4252  3934  4253  3935  4254  3936  4255,
             4352  4256  4353  4257  4354  4258  4355  4259  4045  4166,
             4046  4167  4047  4168  4048  4169  4049  4170  4050  4171,
             4051  4172  4356  4470  4357  4471  4358  4472  4359  4473,
             4360  4474  4588  4475  4589  4476
 print totals
 compute domain integral
c
domain dnr_002
 symmetric
 normal plane nx 0  ny -1.0  nz 0.0
 front nodes      1    186 linear verify
 function type a
 ignore crack face loading
 q-values        1      2      3      4      5      6      7      8,
                 9     10     11     12     13     14     15     16,
                17     18     19     20     21     22     23     24,
                25     26     27     28     29     30     31     32,
                33     34     35     36     37     38     39     40,
                41     42     43     44     45     46     47     48,
                49     50     51     52     53     54     55     56,
                57     58     59     60     61     62     63     64,
                65     66     67     68     69     70     71     72,
                73     74     75     76     77     78     79     80,
                81     82     83     84     85     86     87     88,
                89     90     91     92     93     94     95     96,
                97     98     99    100    101    102    103    104,
               105    106    107    108    109    110    111    112,
               113    114    115    116    117    118    119    120,
               121    122    123    124    125    126    127    128,
               129    130    131    132    133    134    135    136,
               137    138    139    140    141    142    143    144,
               145    146    147    148    149    150    151    152,
               153    154    155    156    157    158    159    160,
               161    162    163    164    165    166    167    168,
               169    170    171    172    173    174    175    176,
               177    178    179    180    181    182    183    184,
               185   5366   5367   5368   5369   5370   5371   5372,
              5373   5374   5375   5376   5377   5378   5379   5380,
              5381   5382   5383   5384   5385   5386   5387   5388,
              5389   5390   5391   5392   5393   5394   5395   5396,
              5397   5398   5399   5400   5401   5402   5403   5404,
              5405   5406   5407   5408   5409   5410   5411   5412,
              5413   5414   5415   5416   5417   5418   5419   5420,
              5421   5422   5423   5424   5425   5426   5427   5428,
              5429   5430   5431   5432   5433   5434   5435   5436,
              5437   5438   5439   5440   5441   5442   5443   5444,
              5445   5446   5447   5448   5449   5450   5451   5452,
              5453   5454   5455   5456   5457   5458   5459   5460,
              5461   5462   5463   5464   5465   5466   5467   5468,
              5469   5470   5471   5472   5473   5474   5475   5476,
              5477   5478   5479   5480   5481   5482   5483   5484,
              5485   5486   5487   5488   5489   5490   5491   5492,
              5493   5494   5495   5496   5497   5498   5499   5500,
              5501   5502   5503   5504   5505   5506   5507   5508,
              5509   5510   5511   5512   5513   5514   5515   5516,
              5517   5518   5519   5520   5521   5522   5523   5524,
              5525   5526   5527   5528   5529   5530   5531   5532,
              5533 1.000
 elements       1   129     2   130     3   131     4   132     5   133,
                6   134     7   135     8   136     9   137    10   138,
               11   139    12   140    13   141    14   142    15   143,
               16   144    17   145    18   146    19   147    20   148,
             1121  1249  1122  1250  1123  1251  1124  1252  1125  1253,
             1126  1254  1127  1255  1128  1256  1129  1257  1130  1258,
             1131  1259  1132  1260  1133  1261  1134  1262  1135  1263,
             1136  1264  1137  1265  1138  1266  1139  1267  1140  1268,
             1141  1269  1142  1377  1378  1505  1143  1379  1506  1270,
             1380  1507  1144  1381  1508  1271  1382  1509  1145  1383,
             1510  1272  1384  1511  1146  1385  1512  1273  1386  1513,
             1147  1387  1514  1274  1388  1515  1148  1389  1516  1275,
             1390  1517  1149  1391  1518  1276  1392  1519  1150  1393,
             1520  1277  1394  1521  1151  1395  1522  1278  1396  1523,
             1152  1397  1524  1279  1398  1525  1153  1399  3784  3899,
             3785  3900  3786  3901  3787  3902  3788  3903  3789  3904,
             3790  3905  3791  3906  3792  3907  3793  3908  3794  3909,
             3795  3910  3796  3911  3797  3912  4017  4138  4018  4139,
             4019  4140  4020  4141  4021  4142  4022  4143  4023  4144,
             4024  4145  4025  4146  4026  4147  4027  4148  4028  4149,
             4029  4150  4030  4151  3798  3913  3799  3914  3800  3915,
             3801  3916  3802  3917  3803  3918  3804  3919  3805  3920,
             3806  3921  3807  3922  3808  3923  4243  3924  4244  3925,
             4245  3926  4031  4152  4032  4153  4033  4154  4034  4155,
             4035  4156  4036  4157  4037  4158  4038  4159  4039  4160,
             4040  4161  4041  4162  4042  4163  4043  4164  4044  4165,
             3927  4246  3928  4247  3929  4248  3930  4249  3931  4250,
             3932  4251  3933  4252  3934  4253  3935  4254  3936  4255,
             4352  4256  4353  4257  4354  4258  4355  4259  4045  4166,
             4046  4167  4047  4168  4048  4169  4049  4170  4050  4171,
             4051  4172  4356  4470  4357  4471  4358  4472  4359  4473,
             4360  4474  4588  4475  4589  4476  4052  4173  4053  4174,
             4054  4175  4055  4176  4056  4177  4057  4178  4058  4179
 print totals
 compute domain integral
c
domain dnr_003
 symmetric
 normal plane nx 0  ny -1.0  nz 0.0
 front nodes      1    186 linear verify
 function type a
 ignore crack face loading
 q-values        1      2      3      4      5      6      7      8,
                 9     10     11     12     13     14     15     16,
                17     18     19     20     21     22     23     24,
                25     26     27     28     29     30     31     32,
                33     34     35     36     37     38     39     40,
                41     42     43     44     45     46     47     48,
                49     50     51     52     53     54     55     56,
                57     58     59     60     61     62     63     64,
                65     66     67     68     69     70     71     72,
                73     74     75     76     77     78     79     80,
                81     82     83     84     85     86     87     88,
                89     90     91     92     93     94     95     96,
                97     98     99    100    101    102    103    104,
               105    106    107    108    109    110    111    112,
               113    114    115    116    117    118    119    120,
               121    122    123    124    125    126    127    128,
               129    130    131    132    133    134    135    136,
               137    138    139    140    141    142    143    144,
               145    146    147    148    149    150    151    152,
               153    154    155    156    157    158    159    160,
               161    162    163    164    165    166    167    168,
               169    170    171    172    173    174    175    176,
               177    178    179    180    181    182    183    184,
               185   5366   5367   5368   5369   5370   5371   5372,
              5373   5374   5375   5376   5377   5378   5379   5380,
              5381   5382   5383   5384   5385   5386   5387   5388,
              5389   5390   5391   5392   5393   5394   5395   5396,
              5397   5398   5399   5400   5401   5402   5403   5404,
              5405   5406   5407   5408   5409   5410   5411   5412,
              5413   5414   5415   5416   5417   5418   5419   5420,
              5421   5422   5423   5424   5425   5426   5427   5428,
              5429   5430   5431   5432   5433   5434   5435   5436,
              5437   5438   5439   5440   5441   5442   5443   5444,
              5445   5446   5447   5448   5449   5450   5451   5452,
              5453   5454   5455   5456   5457   5458   5459   5460,
              5461   5462   5463   5464   5465   5466   5467   5468,
              5469   5470   5471   5472   5473   5474   5475   5476,
              5477   5478   5479   5480   5481   5482   5483   5484,
              5485   5486   5487   5488   5489   5490   5491   5492,
              5493   5494   5495   5496   5497   5498   5499   5500,
              5501   5502   5503   5504   5505   5506   5507   5508,
              5509   5510   5511   5512   5513   5514   5515   5516,
              5517   5518   5519   5520   5521   5522   5523   5524,
              5525   5526   5527   5528   5529   5530   5531   5532,
              5533   5534   5535   5536   5537   5538   5539   5540,
              5541   5542   5543   5544   5545   5546   5547   5548 1.000
 elements       1   129     2   130     3   131     4   132     5   133,
                6   134     7   135     8   136     9   137    10   138,
               11   139    12   140    13   141    14   142    15   143,
               16   144    17   145    18   146    19   147    20   148,
             1121  1249  1122  1250  1123  1251  1124  1252  1125  1253,
             1126  1254  1127  1255  1128  1256  1129  1257  1130  1258,
             1131  1259  1132  1260  1133  1261  1134  1262  1135  1263,
             1136  1264  1137  1265  1138  1266  1139  1267  1140  1268,
             1141  1269  1142  1377  1378  1505  1143  1379  1506  1270,
             1380  1507  1144  1381  1508  1271  1382  1509  1145  1383,
             1510  1272  1384  1511  1146  1385  1512  1273  1386  1513,
             1147  1387  1514  1274  1388  1515  1148  1389  1516  1275,
             1390  1517  1149  1391  1518  1276  1392  1519  1150  1393,
             1520  1277  1394  1521  1151  1395  1522  1278  1396  1523,
             1152  1397  1524  1279  1398  1525  1153  1399  3784  3899,
             3785  3900  3786  3901  3787  3902  3788  3903  3789  3904,
             3790  3905  3791  3906  3792  3907  3793  3908  3794  3909,
             3795  3910  3796  3911  3797  3912  4017  4138  4018  4139,
             4019  4140  4020  4141  4021  4142  4022  4143  4023  4144,
             4024  4145  4025  4146  4026  4147  4027  4148  4028  4149,
             4029  4150  4030  4151  3798  3913  3799  3914  3800  3915,
             3801  3916  3802  3917  3803  3918  3804  3919  3805  3920,
             3806  3921  3807  3922  3808  3923  4243  3924  4244  3925,
             4245  3926  4031  4152  4032  4153  4033  4154  4034  4155,
             4035  4156  4036  4157  4037  4158  4038  4159  4039  4160,
             4040  4161  4041  4162  4042  4163  4043  4164  4044  4165,
             3927  4246  3928  4247  3929  4248  3930  4249  3931  4250,
             3932  4251  3933  4252  3934  4253  3935  4254  3936  4255,
             4352  4256  4353  4257  4354  4258  4355  4259  4045  4166,
             4046  4167  4047  4168  4048  4169  4049  4170  4050  4171,
             4051  4172  4356  4470  4357  4471  4358  4472  4359  4473,
             4360  4474  4588  4475  4589  4476  4052  4173  4053  4174,
             4054  4175  4055  4176  4056  4177  4057  4178  4058  4179,
             4260  4361  4261  4362  4262  4363  4263  4364  4264  4365,
             4265  4366  4266  4367
 print totals
 compute domain integral
