c 
c get reaction forces for nodes across top end of specimen
c 
 output total reactions node 14798 14817 14835 14854 14872 14891 14911,
 14926-14932 14996-15002 14863 14873 14882 14892 14836 14845 14883,
 14912 14920-14925 14989 14990 14799 14808 14826 14864 14874 14902,
 14903 14914-14918 14991 14992 14855 14893 14904 14982 14993 14837,
 14846 14905 14983 14994 14995 14800-14827 by 9 14884 14894 14906,
 14907 14984 14908 14985 14875 14895 14975 14865 14885 14896 14976,
 14986 14897 14977 14987 14856 14988 14819 14828 14838 14847 14876,
 14886 14898 14978 14801 14810 14899 14887 14968 14979 14866 14969,
 14877 14888 14970 14980 14857 14981 14889 14971 14802-14829 by 9,
 14839 14848 14878 14867 14972 14890 14961 14962 14973 14858 14879,
 14963 14974 14868 14964 14803-14830 by 9 14840 14849 14880 14965-14967,
 14859 14869 14881 14954-14956 14804-14831 by 9 14841 14850 14957 14870,
 14958 14860 14959 14960 14871 14947 14805 14814 14948 14949 14823,
 14832 14842 14851 14950 14951 14861 14952 14953 14806-14833 by 9,
 14843 14852 14862 14940-14946 14807-14834 by 9 14844 14853 14933-14939 
c
