   209000
     45
    0.0020	418 
    0.0040	418.2 
    0.0060	418.4 
    0.0080	418.6 
    0.0100	418.8 
    0.0120	419 
    0.0140	419.2 
    0.0160	419.4 
    0.0180	419.6 
    0.0200	419.8 
    0.0220	420 
    0.0246	420.2 
    0.0266	426.8511236 
    0.0466	487.7923494 
    0.0666	526.1986341 
    0.0866	554.9333106 
    0.1066	578.1541495 
    0.1266	597.7708388 
    0.1466	614.8299669 
    0.1666	629.9712723 
    0.1866	643.6161974 
    0.2066	656.0580008 
    0.2266	667.5094731 
    0.2466	678.1302151 
    0.2666	688.043192 
    0.2866	697.3452737 
    0.3066	706.1142145 
    0.3266	714.413431 
    0.3466	722.2953646 
    0.3666	729.8039067 
    0.3866	736.9761841 
    0.4066	743.8438988 
    0.6066   800.379456 
    0.8066 843.0312806 
    1.0066 877.6527964 
    1.2066 906.9823922 
    1.4066 932.5369583 
    1.6066 955.2502981 
    1.8066 975.740694 
    2.0066 994.440014 
    2.2066 1011.662555 
    2.4066 1027.644615 
    2.6066 1042.568606 
    2.8066 1056.578465 
    3.0066 1069.789885
