1,-76.29,2.00,111.16
1,-138.44,82.78,-38.56
1,45.24,65.30,-98.28
1,-30.74,81.90,91.89
1,-27.63,66.67,128.97
1,160.80,76.91,96.50
1,76.86,68.89,-124.63
1,-19.03,87.37,111.43
1,1.26,48.25,-71.19
1,-108.01,31.49,-63.62
1,-170.43,70.36,-158.10
1,-140.22,42.76,-99.90
1,76.66,73.56,-145.66
1,42.11,20.24,-142.37
1,-14.68,32.84,72.23
1,167.23,34.31,-69.75
1,44.63,30.48,151.90
1,-47.66,66.73,-116.93
1,-173.22,42.69,175.95
1,23.91,54.16,146.02
1,41.26,35.36,-123.73
1,-43.87,52.24,179.83
1,8.43,71.55,24.39
1,-130.82,52.66,20.93
1,77.90,31.13,-41.33
1,145.29,87.63,92.12
1,0.32,89.20,122.13
1,157.05,52.48,98.50
1,-88.65,36.77,111.87
1,-40.06,12.62,133.31
1,74.00,89.86,29.29
1,16.35,57.35,-24.41
1,66.43,23.13,-112.69
1,164.28,55.02,78.72
1,140.11,44.11,177.81
1,47.45,52.33,57.24
1,-89.15,74.30,-138.71
1,41.02,83.88,179.13
1,40.24,43.09,127.67
1,-57.92,55.94,167.67
1,173.03,41.05,-142.96
1,58.18,53.39,142.33
1,-23.62,84.35,145.60
1,-67.85,62.76,-118.96
1,-63.98,88.50,155.29
1,113.89,70.92,145.01
1,-55.65,38.45,-123.92
1,-130.10,65.96,-130.72
1,-137.93,42.76,-98.32
1,-163.41,83.52,69.68
1,-58.53,60.22,-130.67
1,-4.02,76.15,33.04
1,61.18,14.48,-162.96
1,54.46,79.55,36.11
1,-57.47,77.13,114.56
1,20.17,88.58,-98.38
1,126.99,60.97,84.64
1,130.11,75.58,-84.89
1,-39.33,33.19,25.15
1,-3.25,51.10,151.74
1,-92.34,76.39,34.25
1,154.00,82.44,-135.59
1,152.67,63.04,-120.92
1,168.72,31.94,10.43
1,51.35,47.58,-13.22
1,-13.04,68.75,125.15
1,95.62,74.38,94.07
1,156.56,21.97,104.69
1,157.03,38.10,75.36
1,-41.61,63.84,108.37
1,-100.63,87.28,-103.18
1,-131.86,49.39,98.31
1,48.17,72.54,-157.51
1,107.37,77.49,-13.69
1,160.24,11.66,-113.44
1,-153.81,82.86,-117.95
1,-73.04,70.74,-82.90
1,-96.92,21.75,91.07
1,-104.59,61.61,-9.68
1,-15.13,74.96,-56.34
1,161.13,31.92,-68.39
1,-36.25,62.82,-121.19
1,-144.00,82.94,41.99
1,-144.18,62.81,-87.06
1,-102.99,80.79,21.49
1,-131.47,22.68,-169.92
1,-82.17,87.72,-56.63
1,-54.55,77.84,35.78
1,155.63,52.49,-118.13
1,-112.95,64.17,164.74
1,106.95,48.67,-8.98
1,142.22,87.23,-161.51
1,44.09,29.81,-94.95
1,46.41,33.95,-63.42
1,-64.35,70.30,144.82
1,174.58,64.51,-148.13
1,-120.69,40.87,-8.32
1,172.71,74.90,-18.39
1,-12.35,68.49,-21.70
1,-41.75,57.10,108.07
1,-135.76,45.80,-59.77
1,-80.15,27.04,-141.83
1,52.01,54.13,-59.25
1,51.47,75.26,-36.00
1,-159.01,81.05,122.28
1,-2.77,41.63,-79.06
1,54.51,6.89,-92.84
1,35.33,87.46,-76.08
1,-177.91,28.36,132.66
1,69.33,76.42,136.06
1,-149.47,60.55,-89.61
1,-136.91,87.81,-42.19
1,81.79,79.47,116.89
1,-105.90,61.48,179.40
1,0.96,64.25,59.62
1,81.04,80.65,84.42
1,67.53,84.63,136.95
1,-101.34,71.05,-130.49
1,114.33,36.41,-90.90
1,167.34,84.88,-35.54
1,149.59,71.10,138.49
1,-130.42,46.70,-102.59
1,120.29,64.49,-130.15
1,-72.23,57.08,-55.42
1,77.89,36.37,-122.35
1,-144.31,54.28,44.17
1,179.30,75.13,99.90
1,-17.73,52.61,-68.68
1,75.30,76.92,81.01
1,63.35,87.03,-158.70
1,176.36,66.42,-154.44
1,94.36,73.34,134.77
1,-60.53,77.24,66.60
1,-16.41,37.93,-169.99
1,148.55,57.71,19.51
1,29.85,81.78,146.33
1,66.21,46.44,-177.49
1,-75.50,51.15,27.05
1,-50.25,64.50,-165.20
1,-55.26,88.89,60.30
1,86.07,71.23,-25.27
1,-48.66,34.14,122.78
1,-49.05,52.44,4.20
1,-10.17,41.65,134.59
1,6.15,47.69,-121.11
1,-100.01,71.99,14.04
1,-165.82,78.28,98.18
1,59.25,65.03,-121.30
1,-153.37,28.58,-158.01
1,46.31,74.79,148.64
1,-154.78,85.34,53.90
1,19.65,65.14,-3.75
1,128.00,27.44,15.06
1,72.31,44.98,112.69
1,-10.69,59.72,153.33
1,43.11,75.45,-155.32
1,-14.62,6.85,52.61
1,3.98,66.43,-101.05
1,73.13,32.02,-118.61
1,49.51,52.26,104.39
1,39.35,26.45,51.27
1,125.90,53.85,-44.10
1,-15.58,46.05,-55.54
1,-164.16,78.54,-133.75
1,-113.46,51.22,42.77
1,-41.85,25.49,-154.74
1,67.17,79.43,-154.37
1,-4.31,33.75,-46.05
1,-170.34,30.85,-168.06
1,-82.94,79.15,38.22
1,-49.80,61.49,-131.82
1,89.57,59.19,74.55
1,-139.91,48.75,-32.43
1,-47.31,53.06,134.55
1,-87.78,88.94,109.43
1,24.60,50.63,125.75
1,-96.38,74.96,165.42
1,-47.69,77.75,-153.45
1,79.82,52.12,-49.35
1,63.97,53.53,-55.51
1,119.53,79.68,-138.61
1,165.43,40.37,-126.13
1,-68.31,30.44,45.06
1,6.82,51.01,13.98
1,64.17,48.98,-37.98
1,-54.47,26.21,79.26
1,3.79,27.25,179.44
1,-45.80,18.54,102.46
1,133.79,51.98,66.32
1,90.54,59.41,-99.96
1,-93.24,62.93,26.88
1,-154.55,74.57,169.41
1,133.10,61.98,154.78
1,-106.94,17.46,-30.73
1,-28.79,61.27,7.65
1,123.68,68.41,10.37
1,110.88,42.27,-148.33
1,-141.32,13.08,73.58
1,-54.06,66.80,28.09
1,-156.85,83.87,-88.67
1,94.27,82.50,23.82
1,-18.66,73.50,136.38
1,3.23,68.38,-57.00
1,-137.36,22.81,173.34
1,120.13,70.49,-120.88
1,-80.13,73.30,149.84
1,-172.89,60.73,88.49
1,-36.89,63.52,-94.00
1,158.48,29.24,106.93
1,86.52,55.03,174.76
1,89.90,70.54,168.45
1,-81.98,44.12,-24.50
1,115.91,56.78,12.98
1,10.70,40.67,-116.78
1,92.42,22.68,104.25
1,-118.57,24.06,80.10
1,-103.38,54.99,118.20
1,86.84,34.09,-158.91
1,0.29,54.38,-77.90
1,-126.64,46.43,-150.57
1,-36.32,80.39,51.76
1,49.51,43.00,54.17
1,110.60,60.80,27.01
1,65.70,55.29,-44.79
1,-174.10,45.58,-106.62
1,-38.85,78.53,-84.70
1,-65.14,20.84,66.16
1,-.60,32.74,-68.97
1,137.61,60.20,132.40
1,123.03,25.85,2.96
1,17.80,87.44,6.52
1,-60.40,81.68,12.39
1,10.45,55.63,-79.43
1,113.82,68.99,-18.08
1,-139.62,78.03,-22.91
1,47.07,62.08,-16.16
1,-176.83,84.12,-132.70
1,80.67,61.13,99.41
1,112.70,53.08,167.42
1,-18.26,78.86,66.00
1,-107.63,74.36,36.09
1,27.12,17.28,-48.17
1,49.87,76.84,132.29
1,159.00,14.50,75.81
1,6.22,52.03,139.65
1,-137.14,48.26,94.25
1,157.35,43.17,-14.34
1,24.52,44.69,-139.55
1,-0.09,77.45,3.29
1,21.47,18.39,-12.42
1,20.19,52.40,69.20
1,-150.77,81.95,119.40
1,111.95,63.94,-27.57
1,-124.61,24.62,140.91
1,-157.92,89.80,-126.57
1,10.32,57.08,57.69
1,9.99,85.34,34.34
1,-164.47,50.28,31.47
1,-76.52,24.07,167.80
1,-113.33,87.32,60.34
1,80.88,45.51,-96.91
1,-40.99,51.90,-52.30
1,-113.68,43.49,-55.59
1,-21.50,63.19,79.64
1,-7.88,27.27,-105.07
1,175.97,44.11,-127.07
1,110.92,25.99,83.98
1,-164.67,53.55,-157.65
1,172.74,34.63,139.82
1,-127.72,34.08,-1.69
1,76.29,31.19,-6.03
1,43.50,68.80,150.59
1,127.73,83.98,-12.56
1,66.18,78.05,0.11
1,-155.77,48.30,95.59
1,-29.39,10.15,-20.23
1,-25.85,60.50,108.33
1,175.56,84.69,87.39
1,134.36,64.38,-150.40
1,131.86,53.07,-156.35
1,120.80,68.35,91.66
1,-74.63,84.34,-5.11
1,74.50,74.58,173.36
1,-132.81,60.67,150.17
1,163.77,73.37,66.15
1,138.83,69.95,103.29
1,172.90,24.56,-40.56
1,-117.77,40.03,-17.06
1,39.77,84.32,24.45
1,-9.21,58.11,-125.62
1,156.17,29.73,82.49
1,85.92,75.42,-112.94
1,-46.66,83.61,-166.25
1,-48.66,39.71,6.90
1,-163.75,51.25,-108.20
1,175.07,50.91,58.24
1,-143.04,33.44,-142.40
1,-60.78,16.18,136.01
1,47.76,39.89,-20.54
1,-69.43,89.54,-12.36
1,-32.93,55.57,61.90
1,-105.11,17.03,32.68
1,86.94,86.19,-50.85
1,150.59,75.01,132.27
1,112.53,44.01,85.07
1,-155.29,56.61,2.02
1,3.59,63.15,-158.47
1,94.89,38.22,-55.01
1,-27.30,15.98,72.30
1,-176.70,31.73,33.31
1,109.14,24.47,-157.09
1,-53.64,39.62,-178.91
1,-114.64,66.49,72.46
1,21.90,39.77,81.00
1,-61.32,77.86,175.99
1,152.96,84.83,60.83
1,25.67,59.37,-165.12
1,171.68,27.44,-71.27
1,40.30,65.84,-170.17
1,-86.36,60.13,55.74
1,31.90,85.49,144.26
1,164.76,45.49,90.59
1,-154.72,14.77,138.64
1,125.10,22.88,32.72
1,-126.98,71.47,172.43
1,162.87,38.63,-72.87
1,129.56,31.37,-80.70
1,170.98,77.54,139.21
1,18.29,36.74,-164.25
1,-31.08,50.86,18.52
1,-137.69,35.30,-158.70
1,130.05,47.15,-125.16
1,125.46,72.85,4.50
1,-102.27,7.85,-101.99
1,-95.10,39.62,-95.74
1,163.69,38.44,167.06
1,57.39,28.56,-146.42
1,-153.46,13.47,129.75
1,-130.21,57.83,-119.59
1,-61.15,59.27,-39.20
1,179.49,55.01,-34.03
1,-32.72,73.93,80.57
1,40.70,35.49,113.79
1,44.67,46.49,42.78
1,5.67,49.46,-75.78
1,-135.97,76.26,-168.78
1,-87.60,39.51,-69.50
1,73.03,72.10,123.10
1,-22.80,85.97,176.33
1,111.64,50.97,-80.53
1,-167.67,57.34,-167.32
1,78.83,70.88,-151.09
1,116.34,55.38,-176.87
1,79.60,57.47,-154.09
1,-92.45,62.76,70.89
1,168.86,76.99,-77.05
1,21.03,47.31,-111.93
1,-0.54,56.40,75.49
1,-113.15,58.85,145.74
1,152.08,51.85,165.51
1,-77.09,78.77,-154.76
1,82.68,72.56,103.14
1,35.06,64.42,52.25
1,-123.18,33.20,70.45
1,10.57,79.06,144.61
1,-3.44,39.92,-145.65
1,-41.65,80.85,-33.23
1,-87.82,31.23,-124.75
1,-148.68,57.01,38.88
1,-91.17,89.12,-82.70
1,-146.72,70.55,161.51
1,103.44,68.63,91.21
1,105.53,76.18,76.52
1,-76.76,87.15,-168.89
1,-18.42,58.13,179.53
1,19.32,80.14,-158.67
1,8.82,75.20,-21.10
1,-133.79,62.37,-37.52
1,59.19,3.12,9.24
1,78.32,67.42,-110.70
1,3.59,70.60,134.94
1,-79.68,81.49,85.20
1,-142.90,86.95,-22.78
1,-25.69,64.32,22.69
1,-177.31,86.65,14.69
1,97.31,55.28,-127.59
1,153.96,68.61,-144.51
1,44.73,77.81,84.22
1,35.78,22.73,120.68
1,87.50,85.54,77.11
1,-175.73,21.89,-124.82
1,99.60,86.79,15.61
1,32.22,65.31,-160.23
1,95.62,47.86,-96.04
1,-156.99,53.06,-124.56
1,92.53,88.85,-177.94
1,47.69,48.80,120.56
1,89.38,51.74,115.94
1,-34.73,54.19,156.97
1,-12.78,48.05,-66.38
1,75.44,15.43,33.16
1,45.57,14.12,12.86
1,171.25,74.75,77.47
1,-135.69,69.66,136.20
1,69.49,84.13,179.03
1,-36.24,23.47,-178.33
1,170.82,71.55,-173.11
1,89.25,51.88,161.62
1,112.70,67.51,114.61
1,33.77,65.46,-50.93
1,72.97,81.49,-86.67
1,-89.41,76.81,-20.70
1,177.24,37.35,65.05
1,-17.06,82.16,-87.55
1,-11.06,87.77,-93.50
1,126.58,43.21,-128.64
1,84.69,78.29,20.23
1,44.59,76.42,-150.65
1,33.36,24.25,-127.35
1,131.14,69.72,82.92
1,31.17,14.23,-83.78
1,-23.31,88.75,-44.26
1,-71.10,10.18,-85.42
1,79.38,43.92,166.74
1,-61.55,31.60,-53.58
1,-149.59,87.05,3.69
1,19.41,58.86,-159.39
1,-87.18,26.80,74.67
1,-29.38,37.61,173.52
1,-40.95,20.04,87.06
1,-156.16,81.15,-77.75
1,179.59,61.35,114.74
1,-63.41,66.73,-157.92
1,-50.73,21.27,37.01
1,71.80,71.75,-112.50
1,39.74,57.49,8.74
1,-65.53,80.11,-44.66
1,10.82,43.91,-5.83
1,-98.32,67.21,111.48
1,-89.11,25.79,-70.16
1,-55.43,75.72,133.62
1,-126.14,25.71,-70.22
1,58.79,18.01,170.78
1,177.91,35.42,106.75
1,61.95,58.57,-0.11
1,-127.74,34.83,-3.67
1,178.64,71.40,130.56
1,101.33,66.33,166.69
1,54.56,87.80,60.26
1,-131.08,55.58,-18.75
1,-93.33,42.18,-72.21
1,90.41,46.05,-109.62
1,91.87,62.77,62.31
1,-165.32,82.91,146.39
1,147.01,68.20,-52.07
1,-62.21,50.55,50.01
1,-64.03,50.53,-117.62
1,-72.90,27.40,-78.71
1,33.96,74.96,175.44
1,-145.30,89.67,28.38
1,-16.20,75.38,41.25
1,122.19,11.86,-106.70
1,132.76,66.24,40.33
1,124.78,40.72,177.24
1,25.04,29.59,-59.92
1,157.83,53.19,9.37
1,-5.60,32.01,-102.91
1,26.85,34.83,46.20
1,1.46,30.92,95.50
1,110.15,42.07,29.73
1,46.16,61.84,-46.09
1,-86.75,49.11,85.83
1,-4.97,11.81,46.81
1,-84.63,29.04,-174.16
1,-124.07,87.69,-162.94
1,32.68,58.10,65.86
1,145.30,70.35,-58.63
1,-8.02,70.05,75.80
1,-138.47,86.50,108.15
1,109.59,36.98,-95.83
1,-79.92,8.92,26.02
1,-39.28,44.36,12.97
1,28.11,10.43,-123.08
1,-171.13,17.59,113.00
1,153.56,48.89,-26.02
1,-62.21,39.32,91.81
1,159.37,76.30,-63.44
1,138.52,71.13,98.14
1,96.57,87.80,8.98
1,151.06,76.91,87.03
1,160.25,84.01,-155.24
1,-163.24,65.00,-16.44
1,137.36,56.62,-13.61
1,103.82,59.61,-27.40
1,155.14,43.12,-81.70
1,-51.56,72.57,-119.38
1,127.96,42.78,-162.06
1,4.51,26.75,-54.37
1,9.47,68.56,-140.92
1,4.78,60.75,-160.70
1,144.17,38.07,-42.49
1,153.45,82.82,-79.70
1,53.95,30.31,34.35
1,-62.74,67.41,-158.60
1,-35.55,47.98,50.12
1,16.25,81.00,104.47
1,-120.94,57.48,50.26
1,-18.69,39.93,144.49
1,-150.13,86.49,88.51
1,-154.71,89.76,-120.05
1,146.05,19.14,-162.10
1,114.98,71.07,-23.46
1,-55.08,20.50,-73.63
1,136.18,85.66,-71.84
1,-71.83,62.59,43.81
1,37.49,61.46,11.10
1,143.53,61.71,-62.11
1,-38.65,63.69,-87.71
1,136.77,70.44,112.92
1,-135.38,59.43,-88.17
1,179.58,16.82,-170.10
1,109.65,42.72,-156.08
1,-126.13,57.91,-121.13
1,73.93,62.82,15.03
1,8.42,78.33,-88.91
1,-126.91,87.16,62.62
1,111.54,59.11,125.72
1,-22.61,64.39,6.72
1,-145.32,63.01,8.44
1,-35.87,42.52,125.75
1,106.11,42.70,-132.00
1,90.09,85.77,-39.66
1,178.48,37.06,143.91
1,-139.93,88.90,-38.91
1,3.81,64.42,-30.77
1,-168.28,65.56,126.45
1,-168.35,53.85,75.46
1,103.94,85.54,109.52
1,44.88,88.04,120.76
1,-177.91,77.20,-94.23
1,-31.09,60.47,41.27
1,49.13,89.41,0.65
1,-16.33,39.34,11.80
1,-7.55,82.33,-132.31
1,-150.03,27.45,120.93
1,16.88,20.24,-81.34
1,-141.98,66.60,152.16
1,-79.49,62.44,47.90
1,-30.11,69.05,-11.19
1,37.40,88.45,63.37
1,-78.09,64.71,102.10
1,-99.25,10.00,83.25
1,-119.88,75.80,-116.34
1,93.30,9.84,59.32
1,77.09,74.35,-177.51
1,142.85,58.52,95.62
1,-122.41,57.32,-107.96
1,-39.58,85.19,-169.68
1,85.83,75.28,-104.22
1,-65.11,28.18,67.73
1,-166.15,39.33,-131.56
1,16.76,63.61,57.56
1,60.90,82.06,-98.47
1,33.80,49.14,10.86
1,-121.97,51.30,-155.15
1,78.41,61.40,-154.85
1,-86.97,23.31,-69.89
1,27.38,79.09,151.05
1,-156.67,15.31,119.58
1,-155.62,83.46,164.94
1,-161.47,57.25,100.39
1,-153.36,77.00,-115.17
1,72.79,61.93,70.68
1,-171.93,43.07,175.78
1,-61.33,71.01,-67.62
1,136.49,49.68,164.93
1,100.26,80.71,147.01
1,5.22,47.69,119.02
1,-112.43,50.04,137.98
1,81.61,56.04,-104.90
1,133.13,20.17,-44.11
1,163.44,88.14,-97.90
1,-50.46,82.68,171.39
1,-163.17,54.12,-127.61
1,-154.21,88.58,-109.04
1,57.70,45.65,130.97
1,-163.29,30.95,50.84
1,61.09,46.07,-169.91
1,70.70,13.87,-27.23
1,-26.99,34.50,17.86
1,44.12,32.49,-40.00
1,-34.74,50.49,-73.18
1,35.60,71.54,-87.24
1,-84.60,13.44,136.06
1,-104.23,64.97,128.98
1,113.09,40.44,116.99
1,-112.21,83.77,29.98
1,-85.03,65.23,179.98
1,-104.21,79.54,-39.53
1,-125.97,44.18,-26.94
1,103.66,86.76,-0.88
1,0.21,88.82,-35.65
1,43.49,59.52,41.12
1,174.99,57.11,-145.97
1,176.04,68.39,-137.03
1,-164.51,57.67,-152.32
1,177.96,62.12,45.97
1,174.17,36.97,161.95
1,47.74,52.38,130.72
1,-54.34,37.34,14.54
1,82.39,89.59,-50.12
1,-142.34,31.82,-65.33
1,105.71,78.24,20.22
1,-128.32,66.33,75.86
1,133.09,55.82,-14.83
1,-113.07,83.39,103.52
1,-59.16,80.93,46.67
1,105.30,61.86,93.85
1,-127.58,75.09,176.35
1,-160.94,51.27,-9.74
1,-27.20,66.07,123.34
1,-163.73,30.39,-131.91
1,64.78,88.34,-168.40
1,-106.15,73.41,-163.46
1,74.04,69.37,55.58
1,8.69,53.42,8.27
1,5.62,75.77,42.89
1,101.78,81.74,-141.13
1,5.68,67.32,51.42
1,90.46,61.33,13.09
1,-68.88,64.52,20.25
1,166.33,70.09,-2.52
1,15.74,62.57,-117.98
1,-142.21,74.17,29.26
1,-61.09,55.21,120.56
1,31.92,29.46,-31.62
1,91.52,72.33,-19.80
1,-59.13,82.90,111.05
1,-1.79,79.71,-3.07
1,81.28,55.12,-107.79
1,-99.09,44.56,116.96
1,-124.05,65.40,-63.84
1,-47.28,69.85,-134.41
1,122.74,45.13,20.20
1,73.63,4.20,-153.42
1,164.76,39.37,-58.01
1,-134.79,41.70,47.04
1,-117.82,72.50,178.68
1,43.68,77.00,-56.30
1,-6.60,69.27,-150.98
1,26.82,77.51,-66.47
1,177.35,49.71,-38.96
1,162.63,48.74,-24.50
1,24.47,82.56,-52.50
1,-152.60,61.92,-162.99
1,149.53,30.62,95.35
1,-31.76,80.37,2.67
1,-86.02,47.87,-152.80
1,148.31,60.91,33.84
1,-64.54,57.31,-76.35
1,160.41,58.29,-42.53
1,-43.84,78.99,25.40
1,172.32,76.82,98.65
1,132.38,49.14,-144.84
1,-107.80,75.27,-126.01
1,-141.80,26.31,-172.91
1,-117.15,45.68,89.64
1,121.99,28.82,-176.19
1,117.53,89.18,141.13
1,113.39,37.58,36.71
1,-110.52,80.46,30.97
1,109.86,47.61,43.09
1,-73.46,14.35,123.48
1,137.13,82.01,-82.88
1,-141.45,39.69,0.96
1,-37.13,87.05,135.86
1,18.60,52.17,-150.08
1,-106.99,53.60,-140.68
1,-89.63,62.76,-50.62
1,-138.32,51.03,-113.86
1,101.49,4.48,-157.11
1,116.31,45.21,130.75
1,-34.67,35.72,-38.08
1,127.09,21.69,120.09
1,-136.29,77.33,-122.44
1,163.36,78.36,121.55
1,88.75,53.85,-165.62
1,53.84,51.83,-1.86
1,87.51,34.21,13.14
1,141.98,82.51,152.91
1,-79.79,67.98,159.74
1,139.58,42.54,-170.84
1,170.12,82.04,-135.27
1,-28.54,71.19,163.89
1,-152.75,69.30,152.00
1,12.09,36.03,44.34
1,0.36,88.16,89.24
1,67.35,73.38,22.55
1,-18.66,56.61,115.97
1,172.56,55.00,82.69
1,61.03,43.73,140.21
1,118.03,30.20,140.29
1,103.94,86.21,145.97
1,126.46,89.50,27.35
1,-46.83,44.72,-160.33
1,106.17,27.94,-69.46
1,15.15,69.27,-133.02
1,-20.91,59.76,47.07
1,-159.93,63.93,-87.55
1,-75.52,66.40,21.80
1,63.94,77.21,172.70
1,-71.85,24.14,-140.55
1,-132.83,46.63,-111.25
1,-2.15,50.00,169.32
1,78.37,66.43,55.25
1,22.41,72.67,73.43
1,32.97,69.74,-89.60
1,-168.82,47.51,124.41
1,-126.93,52.13,149.33
1,78.51,66.27,74.34
1,113.39,51.27,-99.04
1,-23.39,66.35,-58.82
1,-33.47,55.13,-134.46
1,154.91,62.18,160.43
1,165.74,26.93,-31.34
1,-83.82,43.00,5.80
1,-115.06,41.33,34.96
1,-97.07,62.70,158.26
1,-88.68,79.35,96.93
1,116.03,64.99,-45.51
1,161.68,31.66,131.87
1,110.82,16.61,-85.11
1,90.99,89.14,72.45
1,50.92,36.22,-93.41
1,-17.18,89.09,60.52
1,-75.23,11.45,-15.56
1,67.12,76.52,177.69
1,51.30,67.85,63.49
1,-174.02,41.10,-0.05
1,123.25,70.22,23.19
1,-51.39,45.22,-147.84
1,-65.10,73.72,73.10
1,18.68,71.51,-85.22
1,-20.63,82.56,50.08
1,-111.19,89.83,178.76
1,-5.99,37.43,-45.62
1,60.72,71.61,176.96
1,80.99,67.24,9.64
1,5.73,88.63,31.70
1,-112.01,80.92,-76.01
1,-25.92,66.11,36.25
1,-31.83,32.84,65.39
1,70.34,47.35,144.66
1,-60.36,63.72,68.80
1,-87.43,56.98,71.34
1,-102.47,59.68,-98.44
1,108.05,7.61,-173.83
1,115.17,31.73,-52.51
1,63.92,56.97,94.99
1,131.68,18.91,116.39
1,102.96,34.00,87.87
1,162.55,64.78,-35.62
1,65.59,84.00,76.92
1,89.91,50.36,130.81
1,136.04,73.02,8.79
1,27.82,14.29,65.25
1,74.49,70.01,-72.85
1,11.85,50.72,-70.87
1,-122.59,75.38,-124.74
1,-35.96,74.75,54.24
1,-125.67,45.79,151.84
1,60.70,77.00,-147.25
1,-140.00,51.90,-81.30
1,142.05,25.25,79.94
1,-67.11,46.66,77.12
1,48.01,78.94,-148.76
1,-12.06,74.84,2.15
1,-91.50,53.60,-54.68
1,104.50,49.22,-60.20
1,53.06,79.72,-90.52
1,-77.28,82.59,25.99
1,127.74,85.29,-164.22
1,-100.64,33.63,19.99
1,-21.30,47.70,21.10
1,-129.64,70.89,-18.54
1,-3.25,73.91,-62.43
1,-74.80,80.68,30.43
1,10.94,83.28,143.76
1,152.00,71.17,4.82
1,-146.36,76.33,-125.98
1,43.06,21.93,97.43
1,-178.10,63.75,-40.03
1,71.09,78.11,48.43
1,-56.55,36.42,50.61
1,-134.37,84.38,86.66
1,114.95,51.13,-37.65
1,6.34,38.73,-58.96
1,-158.32,88.63,-25.07
1,23.85,42.03,-56.49
1,-104.61,33.05,77.58
1,-174.04,60.82,150.11
1,-129.59,86.64,123.84
1,-49.39,81.15,49.14
1,-75.83,46.69,-88.95
1,-11.34,44.47,64.33
1,-103.17,88.78,110.89
1,-162.76,72.43,-75.39
1,130.28,84.75,12.30
1,146.42,24.08,95.37
1,-18.14,81.02,-9.39
1,-81.43,22.51,-149.28
1,-114.26,45.06,53.88
1,-95.61,67.91,98.15
1,-99.37,89.29,-103.89
1,-31.63,54.96,124.55
1,-114.08,54.79,-15.94
1,-46.33,83.52,61.40
1,28.32,67.60,-62.28
1,-143.89,68.27,-6.09
1,-111.00,64.44,173.49
1,-109.57,40.76,171.51
1,142.20,44.83,58.87
1,143.89,54.03,-162.04
1,-2.68,23.29,75.53
1,-120.55,89.48,-117.74
1,38.84,87.20,56.00
1,9.39,19.10,118.01
1,-120.10,87.21,-40.11
1,36.43,39.61,-95.67
1,72.22,55.49,34.69
1,109.45,84.13,103.01
1,141.11,19.05,-12.84
1,55.95,74.57,-151.51
1,-179.72,63.72,52.75
1,141.80,81.17,-76.57
1,-116.90,45.61,-155.79
1,4.01,68.77,143.68
1,-117.97,20.92,148.15
1,-107.13,62.84,-148.36
1,-13.05,84.08,4.56
1,128.43,59.72,-151.60
1,-63.54,88.09,-70.17
1,-153.37,72.00,135.57
1,-38.18,30.14,-173.43
1,-139.41,80.33,123.68
1,69.64,24.92,-87.15
1,-77.23,76.93,-105.85
1,145.97,59.54,79.28
1,134.79,88.28,-32.90
1,-133.08,72.73,115.76
1,-174.69,70.36,-107.43
1,-51.65,44.92,-70.11
1,66.70,67.82,-33.32
1,-171.94,69.32,-57.94
1,130.82,75.09,-32.32
1,41.66,21.85,-113.94
1,-79.51,74.78,-24.47
1,108.95,45.51,-25.87
1,-73.63,69.61,-114.63
1,-97.80,55.33,165.11
1,-148.75,33.13,143.90
1,84.64,53.81,-121.95
1,-118.56,84.48,85.70
1,-69.43,34.00,-126.47
1,-16.88,9.67,163.81
1,-8.76,62.21,-66.29
1,-111.00,72.46,-57.05
1,-137.32,81.66,110.12
1,-124.85,65.49,-22.62
1,69.06,80.75,-134.59
1,86.19,83.87,-8.04
1,6.67,87.39,-146.28
1,-32.13,63.72,-178.69
1,56.40,43.43,-55.76
1,123.02,45.28,53.06
1,115.82,69.78,76.84
1,110.80,27.20,-140.00
1,-14.21,36.97,-24.04
1,-77.73,58.15,-46.48
1,-36.90,22.55,63.77
1,-18.36,47.45,-119.68
1,-79.22,85.11,128.21
1,-155.99,71.27,-85.22
1,174.03,88.02,3.56
1,162.85,51.39,-8.60
1,34.71,60.19,132.99
1,-173.17,52.19,-114.50
1,-57.62,81.95,-23.04
1,-161.25,62.18,37.44
1,-35.04,86.59,-32.17
1,-152.48,75.07,-102.67
1,1.60,44.17,169.72
1,52.73,25.33,-149.01
1,-133.15,47.53,104.27
1,51.19,82.26,112.78
1,162.83,70.83,-156.98
1,141.09,68.49,-163.26
1,100.60,84.26,-142.72
1,-94.48,40.08,-77.32
1,-179.20,79.23,-167.96
1,-83.83,25.24,-90.62
1,-41.12,78.60,136.43
1,-14.85,84.23,176.89
1,128.11,60.76,49.93
1,134.83,49.26,73.32
1,-156.18,72.24,152.47
1,-16.40,64.83,-75.12
1,-64.57,61.71,-104.04
1,38.50,43.15,-66.78
1,123.01,47.72,-139.16
1,-130.27,50.74,170.83
1,-23.36,61.94,130.04
1,96.75,44.13,47.79
1,-38.94,46.98,-162.61
1,48.31,57.90,-152.20
1,-139.15,77.32,-1.46
1,-22.85,77.03,134.87
1,134.73,33.53,-124.02
1,23.73,27.86,-122.38
1,-153.13,79.37,-73.40
1,170.33,83.31,-5.21
1,87.30,79.22,85.70
1,-59.06,79.84,151.02
1,23.26,86.59,-85.40
1,156.60,82.76,-143.52
1,84.08,50.90,-89.20
1,-110.92,72.54,-148.52
1,132.60,56.54,23.71
1,-9.73,59.57,16.08
1,157.53,78.16,66.28
1,72.58,47.48,-107.99
1,41.23,77.69,-18.96
1,-141.70,57.57,126.25
1,17.51,43.14,53.27
1,153.40,57.69,-53.51
1,-111.15,40.47,25.34
1,109.55,39.93,-134.29
1,4.70,79.88,-43.69
1,-28.19,39.74,-16.22
1,-66.11,59.44,50.20
1,-102.78,38.98,-73.40
1,91.81,33.86,-31.30
1,-98.84,43.41,156.04
1,-166.26,75.05,-170.72
1,-150.55,31.67,82.03
1,118.06,34.14,58.02
1,-76.60,9.31,46.66
1,-137.08,9.62,35.18
1,-133.86,34.94,-8.23
1,-168.63,23.21,-120.50
1,46.06,82.60,114.77
1,-122.37,45.11,-134.80
1,-94.18,55.66,142.19
1,30.32,67.92,86.64
1,-28.91,84.86,-164.28
1,-74.11,43.24,41.43
1,-108.39,77.35,-135.76
1,-39.29,11.35,156.34
1,86.52,29.91,-145.97
1,71.61,83.85,-148.64
1,83.05,44.64,-42.03
1,-121.95,37.73,-22.85
1,153.93,69.50,92.53
1,-19.01,75.74,63.97
1,64.47,37.74,71.89
1,-158.11,29.97,-22.16
1,-101.89,58.95,-170.37
1,-61.22,41.31,-156.00
1,-30.00,52.49,-122.88
1,-78.95,11.56,177.03
1,-159.05,65.03,73.06
1,113.59,80.78,81.29
1,107.03,76.80,-151.86
1,-85.52,26.56,28.71
1,28.37,33.95,-165.30
1,-121.47,80.23,-96.94
1,158.61,44.96,-161.52
1,176.88,77.35,-171.43
1,30.33,72.20,158.06
1,-145.33,59.09,-143.55
1,130.84,35.92,150.44
1,99.57,79.29,10.73
1,105.42,22.61,6.19
1,150.47,69.04,132.02
1,-103.65,54.71,175.30
1,-153.21,43.76,155.33
1,-69.12,45.13,-2.37
1,-79.59,44.29,-136.79
1,-57.99,73.18,17.99
1,109.27,58.41,46.35
1,-73.25,59.87,-114.48
1,-81.68,79.63,-38.81
1,-101.36,44.92,26.46
1,32.29,37.55,-115.14
1,-88.12,23.50,167.45
1,-58.72,78.11,-132.15
1,132.67,79.68,80.40
1,-11.41,69.57,19.93
1,101.10,86.00,1.18
1,-8.71,64.59,-25.58
