    0.000055       10.000348  
    0.000110       20.000651  
    0.000166       30.000910  
    0.000221       40.001123  
    0.000276       50.001293  
    0.000331       60.001417  
    0.000386       70.001497  
    0.000442       80.001533  
    0.000497       90.001524  
    0.000552      100.001470  
    0.000607      110.001372  
    0.000663      120.001230  
    0.000718      130.001042  
    0.000773      140.000804  
    0.000828      150.000502  
    0.000884      160.000059  
    0.000942      169.998790  
    0.001004      179.990837  
    0.001075      189.950572  
    0.001166      200.003272  
    0.001288      210.002619  
    0.001466      219.992690  
    0.001739      229.961576  
    0.002204      240.080194  
    0.003084      250.166285  
    0.004874      260.388159  
    0.008238      270.761776  
    0.013926      281.289900  
    0.023021      292.271185  
    0.037143      303.774787  
    0.037966      300.652909  
    0.038987      301.774513  
    0.040112      302.734367  
    0.041334      303.718718  
    0.042680      304.906033  
    0.044098      305.915056  
    0.045585      306.923927  
    0.047138      307.931745  
    0.048754      308.939058  
    0.050433      309.946271  
    0.052174      310.953698  
    0.053978      311.961585  
    0.055846      312.970131  
    0.057779      313.979508  
    0.059780      314.989883  
    0.061850      316.001436  
    0.063990      317.014367  
    0.066203      318.028893  
    0.068491      319.045224  
    0.070856      320.063560  
    0.072829      319.056587  
    0.074545      317.891827  
    0.076107      316.852330  
    0.077553      315.824169  
    0.078903      314.802631  
    0.080171      313.785301  
    0.081367      312.770801  
    0.082497      311.758304  
    0.083534      310.559903  
    0.084524      309.563087  
    0.085465      308.567671  
    0.086359      307.571967  
    0.087207      306.576147  
    0.088011      305.580204  
    0.088772      304.584125  
    0.089491      303.587897  
    0.090171      302.591508  
    0.090813      301.594945  
    0.091417      300.598199  
    0.091987      299.601258  
    0.092523      298.604116  
    0.093026      297.606765  
    0.093498      296.609200  
    0.093940      295.611418  
    0.094354      294.613416  
    0.094741      293.615196  
    0.095102      292.616761  
    0.095438      291.618115  
    0.095751      290.619269  
    0.096041      289.620235  
    0.096310      288.621027  
    0.096559      287.621667  
    0.096790      286.622179  
    0.097002      285.622590  
    0.097189      284.485796  
    0.097364      283.495689  
    0.097526      282.523037  
    0.097675      281.559361  
    0.097813      280.616577  
    0.097944      279.744690  
    0.098054      278.607807  
    0.098156      277.622457  
    0.098246      276.591972  
    0.098324      275.498163  
    0.098399      274.594674  
    0.098466      273.623599  
    0.098501      272.590118  
    0.098547      271.630995  
    0.098570      270.680656  
    0.098613      269.581347  
    0.098637      268.538082  
    0.098644      267.474371  
    0.098654      266.589652  
    0.098662      265.487112  
    0.098667      264.500449  
    0.098670      263.498288  
    0.098688      262.667687  
    0.098687      261.615303  
    0.098687      260.624345  
    0.098687      259.658390  
    0.098686      258.707678  
    0.098685      257.757262  
    0.098684      256.575811  
    0.098683      255.693118  
    0.098682      254.753174  
    0.098680      253.766027  
    0.098679      252.757307  
    0.098677      251.743546  
    0.098675      250.729922  
    0.098673      249.717714  
    0.098640      239.724517  
    0.098596      229.668462  
    0.098547      219.677350  
    0.098494      209.692415  
    0.098441      199.707772  
    0.098386      189.723037  
    0.098332      179.738241  
    0.098277      169.753410  
    0.098222      159.768557  
    0.098167      149.783687  
    0.098112      139.798802  
    0.098057      129.813903  
    0.098002      119.828991  
    0.097947      109.844067  
    0.097892       99.859130  
    0.097837       89.874180  
    0.097782       79.889219  
    0.097727       69.904245  
    0.097672       59.919258  
    0.097617       49.934259  
    0.097562       39.949247  
    0.097507       29.964223  
    0.097452       19.979185  
    0.097397        9.994134  
    0.097342        0.009068  
    0.097118        0.008495  
    0.096895        0.009068  
    0.096671        0.009068  
    0.096448        0.009068  
    0.096224        0.009068  
    0.096001        0.009068  
    0.095777        0.009068  
    0.095553        0.009068  
    0.095330        0.009068  
    0.095106        0.009068  
    0.095161        9.994725  
    0.095216       19.980581  
    0.095271       29.966318  
    0.095326       39.952043  
    0.095381       49.937754  
    0.095436       59.923453  
    0.095491       69.909139  
    0.095546       79.894813  
    0.095601       89.880474  
    0.095656       99.866122  
    0.095711      109.851758  
    0.095766      119.837382  
    0.095821      129.822993  
    0.095876      139.808591  
    0.095932      149.794177  
    0.095987      159.779751  
    0.096042      169.765313  
    0.096097      179.750862  
    0.096152      189.736400  
    0.096207      199.721925  
    0.096262      209.707438  
    0.096317      219.692939  
    0.096372      229.678427  
    0.096427      239.663904  
    0.096482      249.649368  
    0.096537      259.634818  
    0.096592      269.620252  
    0.096647      279.605667  
    0.096702      289.591053  
    0.096758      299.576389  
    0.096814      309.561608  
    0.096871      319.546413  
    0.096931      329.529313  
    0.096995      339.503540  
    0.097068      349.445076  
    0.097162      359.501990  
    0.097295      369.488425  
    0.097519      379.441121  
    0.097974      389.590227  
    0.098913      399.683974  
    0.100586      410.064483  
    0.102867      420.308039  
    0.105517      430.477416  
    0.108378      440.592285  
    0.111379      450.683996  
    0.114497      460.770756  
    0.117727      470.861108  
    0.121074      480.959202  
    0.124543      491.067464  
    0.128141      501.187693  
    0.131879      511.321521  
    0.135767      521.470623  
    0.139815      531.636853  
    0.144038      541.822346  
    0.148448      552.029659  
    0.153064      562.261883  
    0.158017      572.898872  
    0.163144      583.195674  
    0.168530      593.561380  
    0.174212      603.981277  
    0.174222      601.963791  
    0.174661      603.109449  
    0.175136      604.401674  
    0.175624      605.507570  
    0.176124      606.561424  
    0.176638      607.601843  
    0.177163      608.641028  
    0.177700      609.679470  
    0.178246      610.717449  
    0.178801      611.755093  
    0.179365      612.792521  
    0.179936      613.829838  
    0.180514      614.867136  
    0.181098      615.904492  
    0.181689      616.941974  
    0.182285      617.979636  
    0.182886      619.017523  
    0.183493      620.055672  
    0.184104      621.094115  
    0.184720      622.132876  
    0.185340      623.171977  
    0.185965      624.211436  
    0.186595      625.251270  
    0.187228      626.291493  
    0.187866      627.332120  
    0.188508      628.373164  
    0.189155      629.414639  
    0.189805      630.456558  
    0.190460      631.498937  
    0.191119      632.541791  
    0.191782      633.585135  
    0.192450      634.628987  
    0.193121      635.673365  
    0.193797      636.718287  
    0.194478      637.763772  